8.251512247649776199e+00 4.269712432259522572e+00
5.536512448856764301e+00 1.660339306995463060e+00
2.148623290178760747e+00 6.193563950243468064e+00
8.235485320850738589e+00 9.468347411112855383e+00
2.282011792754894408e+00 5.089317505858526935e+00
6.614684025984104210e+00 1.996658050024565645e+00
5.662511349650209524e+00 4.464078845734825940e+00
8.352685807206603030e+00 4.120393772714937342e+00
8.493530782323029271e+00 3.090117892846566683e+00
3.344224223247759475e+00 3.478085309310707807e-01
5.098106072311816561e+00 5.911824006732746550e-01
8.636646542379297742e+00 4.883639472771214685e+00
1.147842771978262455e+00 7.593533206084332576e+00
8.518584592237484543e+00 6.396216170107209109e+00
8.429046181732435805e-01 1.763390197821358418e+00
2.092128011144197330e+00 1.521852974763310273e+00
5.615235061394661109e+00 3.740755754488660489e+00
9.385661600965349294e+00 6.126169983945723985e+00
2.954293151702057862e+00 4.886390596270704378e+00
5.375089670564907607e+00 7.984419588911679355e+00
