9.351293374028263372e+01
9.467736004374533820e+01
9.655882442930501952e+01
9.878285911609565062e+01
9.791865609233836665e+01
9.458971192398568917e+01
9.880442218382331987e+01
9.646744811678301801e+01
1.010737597975409869e+02
9.628924905844901616e+01
9.327236085417733591e+01
1.007138487968016420e+02
9.979448444359933035e+01
9.676998641622466835e+01
9.114267785805999722e+01
9.978666298879065266e+01
9.656118458022432094e+01
9.574789678026631634e+01
9.761864074164468263e+01
9.579408736151967219e+01
9.594513918189332458e+01
9.561305039270332884e+01
9.192319633252667188e+01
9.651195147468767743e+01
9.475645103443899586e+01
9.019212054874664375e+01
8.623424452386201722e+01
8.217812202552734391e+01
7.100129354784634472e+01
5.871143547904532056e+01
5.038150911275235444e+01
4.993073272680634034e+01
5.668374182209601742e+01
5.140190768837266688e+01
5.358698279835768119e+01
5.094908445294434785e+01
5.533302354394800204e+01
4.447924856247166758e+01
5.316256107825400790e+01
5.119316222459532639e+01
4.450380146886832478e+01
4.854738061923499970e+01
4.800189039417600156e+01
4.887602629619998851e+01
4.709777709043898852e+01
4.644303140220632287e+01
5.258365450127698892e+01
4.761370112737099447e+01
4.612476009924899500e+01
4.786424776332533071e+01
4.734925333938666370e+01
4.881892582405767200e+01
4.706680212774433159e+01
4.788476049246965971e+01
4.588208756005232658e+01
4.683714464868798899e+01
4.601062266739931772e+01
4.726935558279699734e+01
4.638313264218299281e+01
4.530027997274932972e+01
4.471724419325632738e+01
4.531751520064266003e+01
4.539271348180565724e+01
4.657369609212199890e+01
4.443942210355665878e+01
4.480987493258966481e+01
4.331785293037966511e+01
4.476291821577299146e+01
4.508716470866999515e+01
4.491278187361665175e+01
4.596244169157299098e+01
4.512447059275832828e+01
4.448655560235332729e+01
4.380917645078332612e+01
4.365400634043665917e+01
4.338524689300332682e+01
4.281857496354999171e+01
4.281857496354999171e+01
4.281857496354999171e+01
4.281857496354999171e+01
4.281857496354999171e+01
4.281857496354999171e+01
4.281857496354999171e+01
4.281857496354999171e+01
4.281857496354999171e+01
4.281857496354999171e+01
4.281857496354999171e+01
4.281857496354999171e+01
4.281857496354999171e+01
4.281857496354999171e+01
4.281857496354999171e+01
4.281857496354999171e+01
4.281857496354999171e+01
4.281857496354999171e+01
4.281857496354999171e+01
4.281857496354999171e+01
4.281857496354999171e+01
4.281857496354999171e+01
4.281857496354999171e+01
4.281857496354999171e+01
