8.819404176248190197e+01
7.719239811319538092e+01
6.916493830333649839e+01
6.322827211132050707e+01
5.855692559332048575e+01
5.498161493890150808e+01
5.220144706435647919e+01
5.017552071766530020e+01
4.868468267051450482e+01
4.740099334695680966e+01
4.646830333967452020e+01
4.565403939720799542e+01
4.508038027373249435e+01
4.469504362045928048e+01
4.427532887493095615e+01
4.396937112116638247e+01
4.363401543612010158e+01
4.334419817314470436e+01
4.320485940782223366e+01
4.317121372751329744e+01
4.308689093307808804e+01
4.289901410360410949e+01
4.291775886438978915e+01
4.281521596085031689e+01
4.282833781704299270e+01
4.281525441583770686e+01
4.273716232989620067e+01
4.260848492882058736e+01
4.258087583383940000e+01
4.252982232471310908e+01
4.249145960257249754e+01
4.252287258371318046e+01
4.252583838161540797e+01
4.245861177799861252e+01
4.242100689168518812e+01
4.249581113497761464e+01
4.253039550617910436e+01
4.251351837469859873e+01
4.233367758865960440e+01
4.232382344047849898e+01
4.223054934644750347e+01
4.226528718479578117e+01
4.223947769015960318e+01
4.224398199036868107e+01
4.226576505792719729e+01
4.235029739224759027e+01
4.235835219536357954e+01
4.232008602322058977e+01
4.232076661418659569e+01
4.227761755382720565e+01
4.235012507573040352e+01
4.231565335870001832e+01
4.227690241309730368e+01
4.217752004822621359e+01
4.214656654315031403e+01
4.214652037077149060e+01
4.207747077528891566e+01
4.205852356980250306e+01
4.209620417703070672e+01
4.214363157861588149e+01
4.212877440866289902e+01
4.209225045130030196e+01
4.206612411201597723e+01
4.215144015038379166e+01
4.226546630090408740e+01
4.216728347483488903e+01
4.216506824747339977e+01
4.222097422413072820e+01
4.207396831668250314e+01
4.209563205101771644e+01
4.206665507779289470e+01
4.200153114730139237e+01
4.197119396170229777e+01
4.207732768431039716e+01
4.205811525429767528e+01
4.210397594497857909e+01
4.206072603614167349e+01
4.195197692217899288e+01
4.194862202805649787e+01
4.201018864032918287e+01
4.205167110569270505e+01
4.191847281335369502e+01
4.188132324113578875e+01
4.194742904972289921e+01
4.200304745574018739e+01
4.198882927179759861e+01
4.200298424264220642e+01
4.202530441885179613e+01
4.201549978540381858e+01
4.210867988797638617e+01
4.217056745795180461e+01
4.216635078366550715e+01
4.208579801720280500e+01
4.207073243650457073e+01
4.215827759380789530e+01
4.212559626245350586e+01
4.216321649473249522e+01
4.218509451493110163e+01
4.217136699098837482e+01
4.217689059707651467e+01
4.214249545716720036e+01
4.218491507345270008e+01
4.212801417483348132e+01
4.213401560216539110e+01
4.214532968034392724e+01
4.211089845125619746e+01
4.218577094298718322e+01
4.222633693218829620e+01
4.223486028546629711e+01
4.219408308273582975e+01
4.207165519515971397e+01
4.202880003541599052e+01
4.200019241840239204e+01
4.212916024420879779e+01
4.211502254275529111e+01
4.214307917256660119e+01
4.223335258536079806e+01
4.226726658960891569e+01
4.224556926148767388e+01
4.226946131082209490e+01
4.222971077757187430e+01
4.221053424569198853e+01
4.217463414038650882e+01
4.206894318326220628e+01
4.202302770031069912e+01
4.207934480065170391e+01
4.199189386522058243e+01
4.198874959699158183e+01
4.189502609512590681e+01
4.184469809801830564e+01
4.179743677188739781e+01
4.173381278574707665e+01
4.177419587397006495e+01
4.175140697241610610e+01
4.170640985442869209e+01
4.171589777695768930e+01
4.178368914883050422e+01
4.186574227051760744e+01
4.182323535659449476e+01
4.181636449995329485e+01
4.187050322461349339e+01
4.195625029271030115e+01
4.205502267706929587e+01
4.191085784437440509e+01
4.190304355549599791e+01
4.187579084420399766e+01
4.184254209199948349e+01
4.193856157826331099e+01
4.199413726092740973e+01
4.201882444358300717e+01
4.188118592720890376e+01
4.195744443774319166e+01
4.190854876319988165e+01
4.188098124126859290e+01
4.197851752761288679e+01
4.194433857552638756e+01
4.189852584156829352e+01
4.186840131553358901e+01
4.184903125837141147e+01
4.182158782583399415e+01
4.186287895241837731e+01
4.180349399680447675e+01
4.186554233802799274e+01
4.192327666438949052e+01
4.185473265101391860e+01
4.182484499601150674e+01
4.185753689921950382e+01
4.185948309092587039e+01
4.181669816628039626e+01
4.180127906398647752e+01
4.182954895374290061e+01
4.184020391754598478e+01
4.185228826874410402e+01
4.188756700707948255e+01
4.187988683995099848e+01
4.192373450654850586e+01
4.183928867763059856e+01
4.181181879731598627e+01
4.175189563751938948e+01
4.170299142603970211e+01
4.171504728699069631e+01
4.182221519734549275e+01
4.180568249227228961e+01
4.174744727787930998e+01
4.174139732741021902e+01
4.181324150493319536e+01
4.170741701982358762e+01
4.172420708352539975e+01
4.186921179348649247e+01
4.182783385271380894e+01
4.179865507964919402e+01
4.176460470424618165e+01
4.176087617192341384e+01
4.179203799974618505e+01
4.178607151513401163e+01
4.180425629570668633e+01
4.174056246269400816e+01
4.169934440189889102e+01
4.181136947953629601e+01
4.184789585991900651e+01
