8.307230489426005704e+01
8.120827984289311985e+01
7.858718506493147515e+01
7.690326523812254322e+01
7.524555173218008974e+01
7.343036939109092032e+01
7.156098253267941800e+01
7.035511810259804122e+01
6.894517569834428627e+01
6.753281137776845355e+01
6.690066624740633472e+01
6.598160309959753533e+01
6.493135020778670707e+01
6.384481612996241040e+01
6.325535901174016828e+01
6.262671027213468022e+01
6.196251625150622999e+01
6.142693363952960794e+01
6.072685049212197583e+01
6.004453338552425379e+01
5.932279274752821863e+01
5.866596383343905785e+01
5.817844990062955901e+01
5.757981921692736904e+01
5.698876934577895526e+01
5.636768601178686566e+01
5.586048584282789875e+01
5.552088689062468774e+01
5.522768750993363085e+01
5.469007316950214914e+01
5.455171414274582986e+01
5.409588226441065473e+01
5.382013209991423253e+01
5.352265143295029048e+01
5.331868185589627274e+01
5.288790994540441659e+01
5.251198336150009993e+01
5.227072205553044881e+01
5.193444030508884879e+01
5.153354067934215976e+01
5.128049389459918217e+01
5.102594411887648107e+01
5.077448865925040167e+01
5.056454454883587601e+01
5.021190424562402654e+01
4.994369071277064620e+01
4.970572392313371068e+01
4.948949287821668719e+01
4.930031306386542411e+01
4.914116484738419643e+01
4.885499825947091068e+01
4.871406934630330454e+01
4.853996834187805121e+01
4.839390795484084151e+01
4.817406351184875035e+01
4.796495891926916499e+01
4.782505183548710193e+01
4.767708917979860672e+01
4.744220811482246347e+01
4.715959916756558101e+01
4.707940712189630261e+01
4.691934811309236153e+01
4.680537133480390111e+01
4.669143548452573356e+01
4.655682508609962156e+01
4.639917403835952570e+01
4.627893938491293824e+01
4.618127196717420446e+01
4.609104888014599055e+01
4.596154718349091439e+01
4.576352496689576554e+01
4.554932469480230139e+01
4.551513477176006717e+01
4.544426510045480683e+01
4.538809876741013483e+01
4.523720987221956591e+01
4.511921663650527137e+01
4.500357456580082527e+01
4.494749855067369282e+01
4.487703471135417033e+01
4.478132998882896487e+01
4.466068037684671310e+01
4.457899776775079914e+01
4.449895127724163757e+01
4.444421770821993789e+01
4.436529848432805068e+01
4.432030467428584330e+01
4.418462558447262722e+01
4.413353978931532851e+01
4.404782758227546680e+01
4.390479316482218763e+01
4.371140717188161062e+01
4.362623283471787516e+01
4.357536082441881575e+01
4.354966094553600442e+01
4.349404207657945420e+01
4.343014109547229396e+01
4.339295520763188563e+01
4.335608396218220406e+01
4.332223062981609729e+01
4.327677250004740017e+01
4.317085313261630120e+01
4.314021911764536554e+01
4.310273702342339419e+01
4.300407662218428584e+01
4.294297418860612225e+01
4.289154452034702558e+01
4.285448424724651773e+01
4.279279112964445630e+01
4.272939155892716201e+01
4.266754994542614554e+01
4.264925333249244233e+01
4.263950899451108967e+01
4.260680150727291959e+01
4.256913714293161632e+01
4.252559882133891733e+01
4.249682309281972437e+01
4.244167175001284420e+01
4.241530651784465533e+01
4.240523386323020816e+01
4.235210918888080300e+01
4.230920995109552507e+01
4.230547298603853079e+01
4.226847270064370576e+01
4.224673371510565545e+01
4.215441421084842943e+01
4.210885441483102198e+01
4.210323897131082305e+01
4.209742091030133793e+01
4.202854274353912700e+01
4.202561462413142834e+01
4.201004114451618676e+01
4.195305116524183120e+01
4.190089800645412765e+01
4.186497736588922436e+01
4.184160513530882497e+01
4.181952307045246897e+01
4.180641539751337632e+01
4.175996912616411549e+01
4.175773250804790848e+01
4.170881089705987677e+01
4.170233716357507348e+01
4.169037392996636981e+01
4.165277894108866974e+01
4.165032579233876930e+01
4.158943867010567175e+01
4.157845008880587301e+01
4.156828133568807004e+01
4.154932278215466823e+01
4.151575333721388006e+01
4.142536648515428510e+01
4.140536450479498143e+01
4.138887059459698037e+01
4.135093959739628389e+01
4.133839259028898283e+01
4.130147520191437138e+01
4.126903533921286993e+01
4.123827143765277725e+01
4.120300008316787199e+01
4.115457471889417462e+01
4.110763556323303192e+01
4.107619683132683264e+01
4.102075859335973007e+01
4.101644855020863645e+01
4.101494820326783497e+01
4.096205097819490248e+01
4.096205097819490248e+01
4.094962907248906703e+01
4.090391222857006426e+01
4.089726917659692873e+01
4.089636259758811576e+01
4.087650871983971967e+01
4.085074900104861939e+01
4.084951923985611444e+01
4.084772311361221142e+01
4.082075270350802043e+01
4.079272125300345664e+01
4.077494566589505354e+01
4.077407408442789460e+01
4.074976247626390347e+01
4.072975387651600698e+01
4.072544909927250245e+01
4.071592706683520646e+01
4.069132800042450526e+01
4.066405704790771125e+01
4.066002143149990644e+01
4.063418770227960408e+01
4.062961899915750763e+01
4.061448785778690507e+01
4.061245300199010444e+01
4.060873647561636801e+01
4.060703533729936510e+01
4.059144432710726846e+01
4.053513077524050345e+01
4.052020801360558977e+01
4.047350313707678993e+01
4.043035304205588432e+01
4.041441513771958682e+01
4.038766782977808134e+01
4.035099797770318020e+01
4.033596931939148078e+01
4.032828536905137895e+01
4.031719388798388337e+01
4.031369612485518417e+01
4.030664615648114335e+01
4.029106374104614474e+01
4.028328467783494204e+01
4.024103892191143927e+01
4.023914594587210303e+01
4.023510584113919464e+01
4.023275025945375205e+01
4.019928912940356014e+01
4.019307543418516104e+01
4.016733900739925645e+01
4.016733900739925645e+01
4.014765993644235920e+01
4.012019867944511731e+01
4.010484348984706315e+01
4.007629676728185331e+01
4.005362124620236131e+01
4.003826605660430005e+01
4.002933339759179177e+01
4.002933339759179177e+01
4.001858759552840183e+01
4.000183595529279756e+01
3.997244843421194105e+01
3.995548218970753851e+01
3.993650876283243889e+01
3.993448049243894360e+01
3.993190121396683878e+01
3.993190121396683878e+01
3.992889877109053742e+01
3.992289530326333846e+01
3.991158659025894195e+01
3.991158659025894195e+01
3.991158659025894195e+01
3.988575654892184730e+01
3.987918676087819847e+01
3.987042894628530121e+01
3.986106100813150022e+01
3.985591119749089728e+01
3.983593079166809048e+01
3.979657567546271935e+01
3.979657567546271935e+01
3.979657567546271935e+01
3.979035629233901972e+01
3.978255707585892509e+01
3.978255707585892509e+01
3.976594347453032441e+01
3.975443303808432205e+01
3.975443303808432205e+01
3.973952841632332422e+01
3.971933172793322342e+01
3.971435003520441853e+01
3.971096469493912196e+01
3.971009322655762475e+01
3.969017999587582324e+01
3.965507752881372028e+01
3.965507752881372028e+01
3.963759237137682589e+01
3.963367715876945852e+01
3.963367715876945852e+01
3.963267135438196220e+01
3.961144901825205267e+01
3.958412920299799964e+01
3.957699412832790387e+01
3.956701071204589937e+01
3.955563147102159860e+01
3.954494507780520252e+01
3.954494507780520252e+01
3.954494507780520252e+01
3.953582381247279898e+01
3.952736062666720329e+01
3.952605510653790333e+01
3.952162561899379511e+01
3.951860453316099608e+01
3.950187955546909535e+01
3.947359957523629248e+01
3.945857856347879533e+01
3.944618739266749685e+01
3.944052856631249426e+01
3.944052856631249426e+01
3.944052856631249426e+01
3.943963330712949755e+01
3.943623989390420093e+01
3.942206964828729809e+01
3.942206964828729809e+01
3.942120685762471055e+01
3.941990720782760604e+01
3.941990720782760604e+01
3.941990720782760604e+01
3.941990720782760604e+01
3.941990720782760604e+01
3.941990720782760604e+01
3.941990720782760604e+01
3.941183467713221233e+01
3.940669285527679477e+01
3.939522173995249688e+01
3.937494540315709912e+01
3.937494540315709912e+01
3.936941409280679949e+01
3.936510931556330206e+01
3.936506146461490374e+01
3.935190540104100165e+01
3.932693816499219963e+01
3.932693816499219963e+01
3.932630403365100591e+01
3.932330159077469744e+01
3.931293140057870517e+01
3.931293140057870517e+01
3.928029466556890270e+01
3.926830151112370970e+01
3.925929034528270734e+01
3.925929034528270734e+01
3.925579258215400813e+01
3.924347561654070660e+01
3.923185439140880959e+01
3.922700278651031169e+01
3.920023034515849503e+01
3.919546843417759874e+01
3.919058815839849785e+01
3.919058815839849785e+01
3.918757250456799568e+01
3.918638374697629700e+01
3.918531009452513558e+01
3.918057978688904086e+01
3.918057978688904086e+01
3.918057978688904086e+01
3.917912392997823900e+01
3.917912392997823900e+01
3.915637364401970899e+01
3.915002108990481133e+01
3.915002108990481133e+01
3.915002108990481133e+01
3.915002108990481133e+01
3.915002108990481133e+01
3.915002108990481133e+01
3.913459257188524987e+01
3.911166126618465455e+01
3.911166126618465455e+01
3.910696029378755156e+01
3.910696029378755156e+01
3.910696029378755156e+01
3.910696029378755156e+01
3.910696029378755156e+01
3.908862243665814873e+01
3.908862243665814873e+01
3.908746477335105141e+01
3.908746477335105141e+01
3.908746477335105141e+01
3.907537638482335041e+01
3.907537638482335041e+01
3.906620726854255565e+01
3.904783716523984793e+01
3.903595292341504575e+01
3.903595292341504575e+01
3.903413108607155380e+01
3.903413108607155380e+01
3.902878519985085148e+01
3.902878519985085148e+01
3.901344817523865061e+01
3.901344817523865061e+01
3.900281707458375280e+01
3.899516188712115650e+01
3.899206076448410840e+01
3.897587482193660691e+01
3.896862700863871254e+01
3.896862700863871254e+01
3.896862700863871254e+01
3.896862700863871254e+01
3.896862700863871254e+01
3.896862700863871254e+01
3.896862700863871254e+01
3.895568464546861520e+01
3.895568464546861520e+01
3.895568464546861520e+01
3.895568464546861520e+01
3.895568464546861520e+01
3.895568464546861520e+01
3.894118131712055231e+01
3.894118131712055231e+01
3.894118131712055231e+01
3.893562759547691599e+01
3.893418818950530635e+01
3.892120624043295152e+01
3.889364399193225097e+01
3.889364399193225097e+01
3.889364399193225097e+01
3.889364399193225097e+01
3.889364399193225097e+01
3.885615097789045080e+01
3.885615097789045080e+01
3.885615097789045080e+01
3.882994754612135324e+01
3.882690854696974725e+01
3.882690854696974725e+01
3.882443103806775042e+01
3.881729596339764754e+01
3.879995908584075437e+01
3.879995908584075437e+01
3.879995908584075437e+01
3.879995908584075437e+01
3.879995908584075437e+01
3.878893044500434684e+01
3.878893044500434684e+01
3.878257789088944918e+01
3.876839557133235559e+01
3.876839557133235559e+01
3.876489780820364928e+01
3.876489780820364928e+01
3.875148422810723758e+01
3.875148422810723758e+01
3.875148422810723758e+01
3.873069415462053655e+01
3.873069415462053655e+01
3.873069415462053655e+01
3.873069415462053655e+01
3.872434160050563889e+01
3.872434160050563889e+01
3.872434160050563889e+01
3.872177286344773961e+01
3.872177286344773961e+01
3.872177286344773961e+01
3.872177286344773961e+01
3.870684659755453794e+01
3.870535996485873653e+01
3.870333287498804253e+01
3.869625964729203815e+01
3.869625964729203815e+01
3.868695043274268386e+01
3.868175331816159002e+01
3.867966137179345054e+01
3.865964144851729145e+01
3.865964144851729145e+01
3.865663900564099009e+01
3.865663900564099009e+01
3.862988985778579121e+01
3.862988985778579121e+01
3.861142632493438498e+01
3.861142632493438498e+01
3.860355187458518600e+01
3.860024822205929240e+01
3.860024822205929240e+01
3.860024822205929240e+01
3.860024822205929240e+01
3.860024822205929240e+01
3.860024822205929240e+01
3.860024822205929240e+01
3.859768566804229550e+01
3.859758088022065436e+01
3.859758088022065436e+01
3.859758088022065436e+01
3.859758088022065436e+01
3.859380990108385134e+01
3.858062787184574915e+01
3.858062787184574915e+01
3.858062787184574915e+01
3.858062787184574915e+01
3.858062787184574915e+01
3.857975629037859022e+01
3.857975629037859022e+01
3.857975629037859022e+01
3.857929406999178923e+01
3.857888648888179262e+01
3.857888648888179262e+01
3.857888648888179262e+01
3.856971737260099076e+01
3.856971737260099076e+01
3.856971737260099076e+01
3.855788334648488558e+01
3.855788334648488558e+01
3.855788334648488558e+01
3.855788334648488558e+01
3.855788334648488558e+01
3.855788334648488558e+01
3.855788334648488558e+01
3.855671574772318166e+01
3.855671574772318166e+01
3.855671574772318166e+01
3.855671574772318166e+01
3.854377338455308433e+01
3.854377338455308433e+01
3.854377338455308433e+01
3.853695674554918327e+01
3.852744151907488401e+01
3.852482035656748138e+01
3.852482035656748138e+01
3.851924072242407959e+01
3.851924072242407959e+01
3.851924072242407959e+01
3.851924072242407959e+01
3.851924072242407959e+01
3.851924072242407959e+01
3.851924072242407959e+01
3.851497986027477793e+01
3.850784478560468216e+01
3.850784478560468216e+01
3.850368265107608323e+01
3.850368265107608323e+01
3.849845951348797968e+01
