3.909941388464299195e+01
3.808811803350299385e+01
3.825822113967300453e+01
3.649158878142299756e+01
4.198935939876299983e+01
4.466535409619299912e+01
4.278904893862299730e+01
3.714958437982299699e+01
3.882915276466300725e+01
3.882928693854299951e+01
3.931947807551300400e+01
4.253045725536899369e+01
3.705222139514299329e+01
3.714958437982300410e+01
3.844057196584300584e+01
3.873619025210299327e+01
3.839295548979300321e+01
3.439184112516299763e+01
3.766769051004299484e+01
4.241106394899299659e+01
3.998047516286299441e+01
3.855949917296300100e+01
4.098911534857899852e+01
3.576562364059299881e+01
3.804687199567299416e+01
3.692327269916299315e+01
3.784535130824300353e+01
4.096563524439299897e+01
3.570825425836299871e+01
4.065630845568299634e+01
3.705222139514299329e+01
4.193515840259300376e+01
3.762045837875299981e+01
4.005963099076299727e+01
3.991511284459299702e+01
3.722097878197299536e+01
3.766769051004299484e+01
4.115211556518299574e+01
3.967835675356300129e+01
3.570825425836299871e+01
3.969780275435299188e+01
3.804687199567300127e+01
4.106602730523299272e+01
3.991511284459300413e+01
3.979515178891300309e+01
3.871115579809299589e+01
3.761974450619300114e+01
3.774297239712300467e+01
3.710235739502299879e+01
3.774132884643299946e+01
3.887087650382299131e+01
3.965339250707299357e+01
3.705222139514299329e+01
3.753766741385300776e+01
3.562972115748299728e+01
3.983498576522300283e+01
3.848679347345300528e+01
4.025538649207300779e+01
4.195197860685299673e+01
3.622314020958300063e+01
4.134378264483299859e+01
3.622314020958299352e+01
3.939156090419299971e+01
3.664086768478298950e+01
3.630213371295299396e+01
3.562972115748299728e+01
3.570825425836299871e+01
4.242470817619900458e+01
3.685228327246299784e+01
3.874872290832298916e+01
3.879494277483299669e+01
4.366054752306299491e+01
3.938668724144299915e+01
3.890498097812300671e+01
3.890498097812299250e+01
3.705222139514300039e+01
3.714958437982300410e+01
3.853813288003299675e+01
3.838468918923300777e+01
3.701276457428299693e+01
3.774362392268299260e+01
3.882314812703300078e+01
3.884617889947299574e+01
3.576562364059299881e+01
3.439184112516299763e+01
3.439184112516299763e+01
3.710235739502299879e+01
4.092697915424299282e+01
3.576562364059299881e+01
3.703337836336299915e+01
3.878329677173299928e+01
3.977989605456299671e+01
4.002245040379299468e+01
3.901493628630299781e+01
3.848273929827299611e+01
3.844739276254298943e+01
3.703852823835300256e+01
3.685228327246299784e+01
3.759986336153299646e+01
3.731300558532299050e+01
