4.274274386388301927e+00
4.008524308917097656e+00
3.699569486325727130e+00
3.800589519931855786e+00
4.023885781663382843e+00
3.869162516578194211e+00
4.075294214487920286e+00
3.775407182191902411e+00
3.987667063540142554e+00
3.669368958704390948e+00
3.820297644702642437e+00
3.729949648878924773e+00
3.684865684886823090e+00
3.801772086344369583e+00
3.729176130244858722e+00
3.829758023985590842e+00
4.023320471653768493e+00
3.936039927004888916e+00
4.009585345307676185e+00
3.769060917512499387e+00
3.925270580142401045e+00
3.976580752539762287e+00
3.893513457117636634e+00
3.830744948519242854e+00
3.758322064749977098e+00
3.831490309526695004e+00
3.844525219777084946e+00
4.076764327970358259e+00
4.147651671889263980e+00
4.269043207490879510e+00
4.312370991910840168e+00
4.113587790827097912e+00
4.049576200258328207e+00
4.037483581163268553e+00
4.000427257877477771e+00
4.008210778840310518e+00
4.095156704026455152e+00
4.059819029130778745e+00
4.097217278296590770e+00
4.023292758961233062e+00
4.067648176091053003e+00
4.206689900913254121e+00
4.215717995440861898e+00
4.252406873676655152e+00
4.261548374421264995e+00
4.195351663920309448e+00
4.280959873512643732e+00
4.177202211900167050e+00
4.151347982371649259e+00
4.105037016690832097e+00
3.977781464166380676e+00
3.999913617821351686e+00
3.961523963216102562e+00
3.954944444293245098e+00
3.886735188976509825e+00
3.900936638237971543e+00
3.792261060967967445e+00
3.746673145347189759e+00
3.669685565636560565e+00
3.604589869870016283e+00
3.625895994746807904e+00
3.584791028169820315e+00
3.641739954772466259e+00
3.650642988484843698e+00
3.636861620326931721e+00
3.631211049541147151e+00
3.633192242862714139e+00
3.636247467610082662e+00
3.582405403843522684e+00
3.600028629909249656e+00
3.592905762048011375e+00
3.593959336555812012e+00
3.594250168454589556e+00
3.628381809500418775e+00
3.654326986042433223e+00
3.665267000283072729e+00
3.655434688689355394e+00
3.705245365665016166e+00
3.696127393415881368e+00
3.664178344189649827e+00
3.686001692666408314e+00
3.715584219728057747e+00
3.702207852207063610e+00
3.736834296915510834e+00
3.714919387358658565e+00
3.677979679444950634e+00
3.622875185783533070e+00
3.634329739768395129e+00
3.600930747842064683e+00
3.556479444446891236e+00
3.531013904068044607e+00
3.553622675953273191e+00
3.532016881453331703e+00
3.549697199456389729e+00
3.539773448547702817e+00
3.576252929563303873e+00
3.587083933370654343e+00
3.568027242729325810e+00
3.551320780429780388e+00
3.537529879348931150e+00
3.534411901338848416e+00
3.510744129224009136e+00
3.530224645690832386e+00
3.531817567315638673e+00
3.546621061526958663e+00
3.555874191539420082e+00
3.538663544301830388e+00
3.580844160559674361e+00
3.535179704777479337e+00
3.592882592524147878e+00
3.566235750567118057e+00
3.568510744719335381e+00
3.569746437809695472e+00
3.579884855479018579e+00
3.586224437142090160e+00
3.593143109691878223e+00
3.597740179228720248e+00
3.590555871523621878e+00
3.586788987919605542e+00
3.571156685467199665e+00
3.611918255320432536e+00
3.612739498228524138e+00
3.615546809543155771e+00
3.533835273898116469e+00
3.525582539315934572e+00
3.469994358542419111e+00
3.442151944306980127e+00
3.438739277587751442e+00
3.426078632207883334e+00
3.448956642251423954e+00
3.451062190825628928e+00
3.444271745902933279e+00
3.430821993352495269e+00
3.438960115345512047e+00
3.441049416202128342e+00
3.444630745444761999e+00
3.448894960493868123e+00
3.422154417177994734e+00
3.370058099264272577e+00
3.371118303678595218e+00
3.370091736910383773e+00
3.368693532497046839e+00
3.366514699931923982e+00
3.369852391334080544e+00
3.367432643913270685e+00
3.298902443937317130e+00
3.300960814595695680e+00
3.298873993117399372e+00
3.307791989010099076e+00
3.288025609879726918e+00
3.283268479548098639e+00
3.297216587775016361e+00
3.301772902173957469e+00
3.268157522041944762e+00
3.270542617090078874e+00
3.237756580820118746e+00
3.246939190416306964e+00
3.219659722060139284e+00
3.212697879331787743e+00
3.210918479463717112e+00
3.148902010922764116e+00
3.149434727989925520e+00
3.150747128268735153e+00
3.152713647799015195e+00
3.154235822119135779e+00
3.100431770570257761e+00
3.100431770570257761e+00
3.099095008871072920e+00
3.029594440679915568e+00
3.018208872114285679e+00
3.017636605077182121e+00
3.019122952130369075e+00
3.011417261550951796e+00
3.009498753158803108e+00
3.004750926132819355e+00
2.977188793018562318e+00
2.942416096595799946e+00
2.932093185511802425e+00
2.930705543989029493e+00
2.908463842506902708e+00
2.902685172110531120e+00
2.903688447312464671e+00
2.889446754040466470e+00
2.886895318354055995e+00
2.853192565122338209e+00
2.855433378371752262e+00
2.834534726413299843e+00
2.827657074751773969e+00
2.816523726979492714e+00
2.814576907723557841e+00
2.808142268651675710e+00
2.807274142447274912e+00
2.805090845600708427e+00
2.770848489768340528e+00
2.787073936053178880e+00
2.715575167091539566e+00
2.659136886052734017e+00
2.676691114163902263e+00
2.634177834156840703e+00
2.592912511990799640e+00
2.605263307640937054e+00
2.609859034637263875e+00
2.601892903739106089e+00
2.603695778254118132e+00
2.599258236564539359e+00
2.610901463668030331e+00
2.600822637624969236e+00
2.615664434139898020e+00
2.611990539533231015e+00
2.605902098762371555e+00
2.608497264661175485e+00
2.608317644108637978e+00
2.612556355970653943e+00
2.621763197963500325e+00
2.621763197963500325e+00
2.612322849455289919e+00
2.593585559963447640e+00
2.615026687513479331e+00
2.596288850535323878e+00
2.595613786763014907e+00
2.590986762199505744e+00
2.581201957341451525e+00
2.581201957341451525e+00
2.574772230537490714e+00
2.577304012252190635e+00
2.557151753007469885e+00
2.567587749800687824e+00
2.561573443171074604e+00
2.560409886546120450e+00
2.557295574455709097e+00
2.557295574455709097e+00
2.555056513360288495e+00
2.556034668969418888e+00
2.550266565971688770e+00
2.550266565971688770e+00
2.550266565971688770e+00
2.542285643891323055e+00
2.544840168925530222e+00
2.532802968260511989e+00
2.528577814084024933e+00
2.527716634532943818e+00
2.510132967056330155e+00
2.517358039911756329e+00
2.517358039911756329e+00
2.517358039911756329e+00
2.518254986902304093e+00
2.515236196730417095e+00
2.515236196730417095e+00
2.507419116234530954e+00
2.507106549428352871e+00
2.507106549428352871e+00
2.504683962281391452e+00
2.478619436942611109e+00
2.478503182198223076e+00
2.479362408708745136e+00
2.479657601414713586e+00
2.436195076720646835e+00
2.412754090813204133e+00
2.412754090813204133e+00
2.393036213592547146e+00
2.392733468213665393e+00
2.392733468213665393e+00
2.390763190446543174e+00
2.355226443897326050e+00
2.338474105570811368e+00
2.345090617996152371e+00
2.354223840121109301e+00
2.349442884251014885e+00
2.360990737913920334e+00
2.360990737913920334e+00
2.360990737913920334e+00
2.379050225569571353e+00
2.369855250036721372e+00
2.368121212127065611e+00
2.368532150920674706e+00
2.369277635306051621e+00
2.379007426076372056e+00
2.369429208922824603e+00
2.365594256756509584e+00
2.379135796372910949e+00
2.368860611371230274e+00
2.368860611371230274e+00
2.368860611371230274e+00
2.368229159791024774e+00
2.365741698655640768e+00
2.359917158603129117e+00
2.359917158603129117e+00
2.359331705191044737e+00
2.359533395295573932e+00
2.359533395295573932e+00
2.359533395295573932e+00
2.359533395295573932e+00
2.359533395295573932e+00
2.359533395295573932e+00
2.359533395295573932e+00
2.365799988660626241e+00
2.362943974103887346e+00
2.347345962674662001e+00
2.315986630167620408e+00
2.315986630167620408e+00
2.316637274212610009e+00
2.320334425207760898e+00
2.320409787410079083e+00
2.322265474233661031e+00
2.304769750110472692e+00
2.304769750110472692e+00
2.303920798740223042e+00
2.300381259014552260e+00
2.301304056599397185e+00
2.301304056599397185e+00
2.284814451143159175e+00
2.283523511850096721e+00
2.283662751108057165e+00
2.283662751108057165e+00
2.283667504341330812e+00
2.263934735303041013e+00
2.270007434274630143e+00
2.271875118462749921e+00
2.265189138437069705e+00
2.263023846719968812e+00
2.265694884388432140e+00
2.265694884388432140e+00
2.267518437064358405e+00
2.265929292527266270e+00
2.263675689277412584e+00
2.257946408515914438e+00
2.257946408515914438e+00
2.257946408515914438e+00
2.257383427955543365e+00
2.257383427955543365e+00
2.263336576986703985e+00
2.268374763238388603e+00
2.268374763238388603e+00
2.268374763238388603e+00
2.268374763238388603e+00
2.268374763238388603e+00
2.268374763238388603e+00
2.286852650455819980e+00
2.272619520121041958e+00
2.272619520121041958e+00
2.262411714659100959e+00
2.262411714659100959e+00
2.262411714659100959e+00
2.262411714659100959e+00
2.262411714659100959e+00
2.226274385168355074e+00
2.226274385168355074e+00
2.226308900863747553e+00
2.226308900863747553e+00
2.226308900863747553e+00
2.225516673682523372e+00
2.225516673682523372e+00
2.227845164163644309e+00
2.225545653758497888e+00
2.206674956570880752e+00
2.206674956570880752e+00
2.206797974059445888e+00
2.206797974059445888e+00
2.206375219917325214e+00
2.206375219917325214e+00
2.208033399973327260e+00
2.208033399973327260e+00
2.194042364232878128e+00
2.185759909570557546e+00
2.177255423469824258e+00
2.166497482536694719e+00
2.155833123361358794e+00
2.155833123361358794e+00
2.155833123361358794e+00
2.155833123361358794e+00
2.155833123361358794e+00
2.155833123361358794e+00
2.155833123361358794e+00
2.147632956152429440e+00
2.147632956152429440e+00
2.147632956152429440e+00
2.147632956152429440e+00
2.147632956152429440e+00
2.147632956152429440e+00
2.112585043086451897e+00
2.112585043086451897e+00
2.112585043086451897e+00
2.101634540491818637e+00
2.101161274130006085e+00
2.081055511037766426e+00
2.076650160366857900e+00
2.076650160366857900e+00
2.076650160366857900e+00
2.076650160366857900e+00
2.076650160366857900e+00
2.064490032523833563e+00
2.064490032523833563e+00
2.064490032523833563e+00
2.046654889297325308e+00
2.046807093108788944e+00
2.046807093108788944e+00
2.049805125318839849e+00
2.059176741273784472e+00
2.048116877059371177e+00
2.048116877059371177e+00
2.048116877059371177e+00
2.048116877059371177e+00
2.048116877059371177e+00
2.033612976584889598e+00
2.033612976584889598e+00
2.033149035107559843e+00
2.008307374986541216e+00
2.008307374986541216e+00
2.009256151043673277e+00
2.009256151043673277e+00
1.996469652466545952e+00
1.996469652466545952e+00
1.996469652466545952e+00
2.003685814853033431e+00
2.003685814853033431e+00
2.003685814853033431e+00
2.003685814853033431e+00
2.007985600892382205e+00
2.007985600892382205e+00
2.007985600892382205e+00
2.006449220475795769e+00
2.006449220475795769e+00
2.006449220475795769e+00
2.006449220475795769e+00
1.994660636173382962e+00
1.995698941117053815e+00
1.994944813016858554e+00
1.996387250851609174e+00
1.996387250851609174e+00
1.995084744810250221e+00
1.987020983594379953e+00
1.988649028825398624e+00
2.015066392266842588e+00
2.015066392266842588e+00
2.016506220639347813e+00
2.016506220639347813e+00
2.038618423344622510e+00
2.038618423344622510e+00
2.043766822070489209e+00
2.043766822070489209e+00
2.048153008053575697e+00
2.047220133736461278e+00
2.047220133736461278e+00
2.047220133736461278e+00
2.047220133736461278e+00
2.047220133736461278e+00
2.047220133736461278e+00
2.047220133736461278e+00
2.048310064777697725e+00
2.048114001157254283e+00
2.048114001157254283e+00
2.048114001157254283e+00
2.048114001157254283e+00
2.049677255843354917e+00
2.060613251466121287e+00
2.060613251466121287e+00
2.060613251466121287e+00
2.060613251466121287e+00
2.060613251466121287e+00
2.059152318937909065e+00
2.059152318937909065e+00
2.059152318937909065e+00
2.059189010374639750e+00
2.059490901695987919e+00
2.059490901695987919e+00
2.059490901695987919e+00
2.066047257851672647e+00
2.066047257851672647e+00
2.066047257851672647e+00
2.070793359083802354e+00
2.070793359083802354e+00
2.070793359083802354e+00
2.070793359083802354e+00
2.070793359083802354e+00
2.070793359083802354e+00
2.070793359083802354e+00
2.070039892766927458e+00
2.070039892766927458e+00
2.070039892766927458e+00
2.070039892766927458e+00
2.051988694015951964e+00
2.051988694015951964e+00
2.051988694015951964e+00
2.053429271815165436e+00
2.050277000176933040e+00
2.045191285684011540e+00
2.045191285684011540e+00
2.046565705459694851e+00
2.046565705459694851e+00
2.046565705459694851e+00
2.046565705459694851e+00
2.046565705459694851e+00
2.046565705459694851e+00
2.046565705459694851e+00
2.048628014176709922e+00
2.052464051785156673e+00
2.052464051785156673e+00
2.045040128585749795e+00
2.045040128585749795e+00
2.039886013821133215e+00
