32	54	5.20153253103
14	74	1.98472029902
52	70	7.4374136779
50	96	6.24194440788
21	28	3.05098327205
4	36	2.06328357739
8	63	6.078329791
7	25	8.85164871213
63	76	6.90817303505
40	49	6.75619080687
11	90	2.16126623325
33	41	4.36694093393
16	47	4.83582643108
72	92	4.25037376767
73	82	5.1361940821
54	92	4.02907666082
1	64	4.97590697283
2	78	2.50373613174
41	57	8.53596367243
78	86	2.38931050557
39	58	9.347402692
27	46	2.18082848583
12	59	9.32587927987
52	98	3.17404475009
15	30	4.30880191257
19	91	2.83847616096
20	75	0.392874366947
76	88	5.1635161001
41	74	6.95480496723
42	88	9.03843003973
5	84	5.84947539607
6	98	9.02639170374
45	61	8.52065384952
10	97	6.1762762302
49	58	8.43526115632
13	20	3.99973971668
39	70	6.66663491449
0	55	5.22735708444
20	58	3.50283718786
59	97	6.81495513374
38	62	9.48392846075
23	95	4.64228569619
8	87	3.96134378432
45	78	6.76656322358
84	95	1.19947665116
85	87	8.29097970604
32	77	5.30434356882
14	77	5.58448748034
52	94	3.04667554142
53	62	3.33473723201
1	40	5.46780239379
57	59	8.79793003521
17	20	3.7801268985
4	35	2.14060834395
8	38	3.00876993257
7	22	7.70642483822
48	77	8.99505381772
11	83	5.84263520116
33	34	2.06639014422
16	38	7.43953879807
73	91	3.91849923209
36	41	4.90096754127
1	89	11.8179100564
2	73	4.47358965157
48	86	7.8150445363
78	89	4.07154323946
61	63	5.20261878945
26	67	3.40719381162
29	44	1.55694811458
80	82	4.50108694564
12	50	5.70332696664
17	57	4.08170671078
19	96	5.96291192918
20	82	3.8105128653
76	87	5.17169564673
77	95	5.6035818029
42	67	9.51398110299
5	93	6.75886761016
67	88	3.17408768206
45	54	7.18993573285
91	96	4.79363690067
66	93	6.53592239777
49	51	8.45627523793
35	96	3.37107877521
0	14	2.82152679713
3	11	4.22477613772
23	84	3.7682605034
8	94	7.89981521207
45	71	2.90423117178
89	92	0.375096477632
32	68	7.59902991475
33	74	3.59139990325
14	84	1.3842188161
70	81	7.45862990472
71	93	5.33991754222
1	33	6.91304190514
57	60	6.11860315611
21	46	6.95961752569
4	42	4.45364294194
8	45	6.8044131631
7	15	5.66745650333
48	68	5.87690738534
11	72	6.11582113663
12	90	6.72533243061
25	95	6.08653878032
16	29	6.32354902635
72	74	5.31877846928
42	73	2.57991480336
36	80	4.3083016381
1	82	9.04792077112
2	64	5.08620904383
41	43	4.13267181187
51	85	7.02022268464
5	53	7.76449723025
79	82	7.70836403871
26	74	3.20465088837
9	50	4.46677450921
54	79	7.82903700574
12	41	9.71437782543
27	89	9.36832188122
17	50	2.72193894995
37	63	6.07780300022
20	89	6.84441005849
76	78	4.97628204077
77	88	2.18247011861
24	28	3.39473725883
5	70	7.72714050155
6	92	7.30501620524
45	47	4.00072975194
10	19	7.46355390139
66	84	6.2171958355
49	52	4.96872932924
30	86	2.8063516067
0	5	2.31891591176
31	61	12.2292084706
8	69	6.15249007394
64	98	2.96388173738
45	64	4.06964616298
40	66	8.18015160046
85	89	4.32327546997
32	91	2.29863582227
33	67	5.56307682263
14	95	1.07134318095
70	72	1.41857897735
71	90	3.84498614435
18	98	9.38367998049
1	58	4.21190407846
37	98	8.98741465955
38	97	7.49631557272
21	55	9.48560139069
4	17	2.8949966814
80	98	8.63066869084
26	34	3.95855081313
11	65	6.55241458418
12	81	9.41655916021
33	60	3.29098633985
16	20	4.69868909554
36	95	1.98907303274
37	87	3.55396277032
2	91	0.82132173199
17	64	5.4683490453
41	44	0.542153187367
22	30	1.67337339599
5	62	8.71265192839
79	91	6.39613504102
26	85	3.92714470906
9	59	8.05957435803
12	32	1.67883814762
51	71	2.40226055741
17	43	2.68151292441
37	52	5.86022496811
20	96	3.78609272673
77	81	10.2772878054
24	99	3.30533125602
5	79	8.0811856202
6	87	3.73443762226
29	96	5.40553982596
10	26	4.15499330685
27	52	4.1288295264
30	89	7.00791402436
13	63	4.68175899169
52	79	4.82248100303
0	28	1.7578270361
40	99	7.84863619356
17	27	6.01730153583
8	76	4.97442815483
85	98	5.6613381177
32	82	3.037505078
33	68	4.48029976196
14	38	5.06455541842
71	83	6.12889739078
18	93	3.11704132118
1	51	3.66819064532
57	78	6.21871140743
58	68	1.03098156911
21	48	9.04515485206
4	24	5.73015452754
80	89	6.25157126299
26	45	3.89716998455
29	91	5.41669976285
63	96	8.5391604749
11	70	5.35191487687
12	72	1.63050006415
33	53	4.51585968358
93	94	8.22311732774
73	78	5.04637448565
36	70	5.48323774657
37	80	2.90631670523
2	82	1.02455203482
5	39	2.84677613549
61	74	7.8634096895
26	92	4.29623711164
9	60	7.34740048646
67	80	3.73072936809
30	49	5.15917569736
51	76	4.78841435444
34	44	4.08638171256
17	44	7.14025168803
42	60	2.87239991159
5	72	6.92206515876
6	78	7.16626843766
42	55	10.5676606947
29	54	4.41804836061
87	95	6.69844584186
78	98	5.83119476227
29	38	9.80434258574
30	64	1.75105232866
13	56	8.42581215521
0	19	0.731567850486
29	81	6.60990271454
48	99	7.75264762601
40	88	6.90753622866
23	99	7.87004202154
31	34	8.57057051869
25	78	5.83355061586
14	41	6.06786926159
83	85	4.41416424154
71	72	8.51395689223
18	84	4.98862857202
1	52	7.17174016628
57	87	3.76549742746
58	79	1.20367385214
21	57	8.17241207333
4	7	5.47541989811
31	69	8.4824125843
26	52	4.02918236996
46	51	3.28375291981
12	71	9.48626630452
75	93	4.6870567192
36	77	3.61520230772
37	89	3.37795085522
2	45	4.99321569567
58	62	2.10668227229
22	40	5.10270807153
5	32	5.69580428146
61	67	10.4651592921
62	83	5.47387135787
9	37	0.353827791003
30	56	3.81593646337
88	95	4.91368114095
25	49	8.2697520689
34	39	3.97458105458
17	37	1.96120557519
37	42	8.26926444233
54	81	8.85952377383
31	32	3.16573694987
6	65	7.63416683341
10	12	4.28169288339
49	95	4.70708732937
30	75	1.14677590376
13	49	7.24159668797
18	60	7.66247476779
55	65	5.1475966755
38	59	10.6913851346
27	64	2.01900166656
32	96	6.21343477156
33	86	2.10832581487
14	48	3.83478815325
90	97	3.37173824902
18	79	8.64049913492
1	13	9.21937093064
57	88	5.73820095114
58	86	4.82880550567
21	66	6.76528292292
4	14	0.444289382409
80	87	3.21056968215
43	93	5.51317424871
26	63	5.50943737956
40	56	2.88993472947
68	99	2.97012373868
70	94	9.69767611556
19	20	2.42798653656
2	36	1.47457634203
22	35	1.87103126937
5	41	4.63125507631
61	92	9.25722600797
62	90	4.73932694571
9	46	7.89125925057
27	39	8.71212681253
30	35	0.726379862161
51	90	5.46995653222
34	62	7.24388459666
15	64	5.81936737126
50	52	2.20838552248
42	46	2.27251685768
79	89	10.7219988888
6	56	2.8223446849
10	55	6.94259091044
49	80	5.07064761935
50	94	2.85267764426
13	42	6.70597948348
21	37	8.67426855352
18	55	3.54994725046
55	94	7.0967899953
38	50	7.22378428135
95	98	4.98953711371
25	31	12.4461318974
8	97	7.73195779552
29	74	5.73585597423
11	28	4.12337573932
14	59	6.27902985371
18	70	2.22285397694
1	6	5.48002286295
57	97	4.02769389694
58	81	3.50788180347
21	75	3.50611179758
22	75	2.69636334141
43	82	2.15879039717
44	92	9.25699527722
46	61	8.75634884001
67	99	9.10526448092
31	52	8.6343019198
89	90	8.93641107928
73	97	1.57572277062
93	97	3.99095088732
19	29	3.53716745676
2	63	4.38187979282
22	58	2.13368357778
5	18	5.81273752908
61	85	5.0775530132
62	93	5.9658152221
9	87	3.86914833752
30	42	3.74361171004
34	57	6.37897209777
15	73	4.83546967687
0	73	3.41891948214
23	25	10.6129368941
6	51	6.51377869109
27	95	2.86025387151
10	62	7.96673751758
49	73	6.31587691247
50	89	4.73383160266
13	35	4.14613722872
18	46	7.68595034178
74	83	5.84711853459
55	87	6.15488479005
38	53	6.24905777733
3	85	5.16177576075
31	84	6.16089797793
43	58	5.953781986
64	69	3.1833222227
65	73	4.73943289646
11	21	6.26830641456
54	87	8.30785159389
33	96	4.29088155983
18	65	5.85614269302
1	31	8.73857260773
58	88	8.63836302549
21	84	5.39052185697
22	66	6.93255149477
43	75	2.1266779216
44	91	6.87972080472
7	97	8.24224908884
46	68	2.82744269336
11	98	6.33438910735
68	81	2.54947698483
25	32	9.76139990559
15	33	4.24884080604
19	34	0.691622585966
2	54	2.93194248644
22	61	5.91761511056
5	27	7.17548412608
62	68	1.36379909512
9	88	2.30929462101
10	86	8.45628396355
46	82	7.83483747535
30	45	3.43232667489
86	94	2.13538534771
34	48	7.78351709711
15	86	6.35072372245
0	64	3.58892439722
37	64	6.89256839139
76	96	2.86327371087
24	70	9.94414141095
6	42	5.98710604185
10	57	2.21348828716
49	66	1.93751086107
50	80	5.85981817336
13	92	8.68446054492
35	51	3.12677504241
18	41	8.9769587171
74	90	2.08957233441
75	88	4.82794776697
38	44	11.295863442
3	90	4.03320308568
4	84	1.14317103763
43	51	6.123501115
64	92	8.35655534242
65	66	2.26622707054
1	16	1.97229473403
58	99	2.26852057247
21	93	7.91777291355
22	69	3.88248424278
43	64	4.31915892894
44	82	6.79186657124
7	94	6.0019278529
83	89	8.59747741551
46	79	2.78074313913
27	86	5.10084931222
68	88	8.4091934667
69	86	0.591904228048
15	46	5.31510952745
36	97	4.5748639941
17	30	3.75108188274
2	49	1.98805640259
22	52	3.22224634994
33	91	2.05316056406
62	79	0.904153645159
9	65	5.11112775608
10	81	6.87939934087
40	46	4.42206634779
47	52	2.09917184795
87	93	3.81273176845
34	75	2.12279115817
15	95	3.51518760145
0	71	6.62522755834
37	54	4.79328941665
3	50	4.80481115167
24	77	5.15697861333
23	47	5.27770418716
6	45	2.4431178298
10	32	3.24090982906
50	75	2.29624439741
13	85	4.5056149901
52	86	0.972101108242
35	56	4.38220295842
18	32	0.436653607672
75	81	5.70131852919
38	39	6.41775166862
3	67	2.73332714239
4	83	4.6906978896
8	22	7.50964573471
64	83	2.56499926888
65	91	3.72228544165
28	73	1.95022084895
52	68	4.18242798309
39	60	7.8922621327
22	92	8.23837358259
25	67	10.8260212245
7	87	6.55675910787
83	94	3.08182906616
46	86	7.17923611702
47	76	2.38305886486
12	98	10.2685908135
68	71	2.02096004105
69	95	2.73020386569
15	55	5.84417155889
19	48	7.24752644749
2	8	2.96055342167
41	99	2.27196251372
24	37	7.98905006141
5	13	4.47496554745
61	96	7.49078184945
9	74	5.17434065953
10	88	6.46960361919
47	61	5.69348888731
30	31	7.26810632522
46	84	3.31795288911
87	90	5.33167194485
34	66	2.64402628558
35	80	5.15892253836
0	94	3.35597333067
3	59	8.06122193131
77	96	8.56704037239
24	84	6.21264143418
23	36	5.87677228748
6	36	5.37997246204
10	43	7.55521340233
50	66	2.15159431244
13	78	4.78441210707
18	27	7.09893433012
74	76	1.29907004206
75	86	1.67796323061
38	94	10.0748120251
3	72	2.083021165
4	90	3.86421719041
8	29	8.41878981996
7	63	3.75279382955
65	92	4.94841239484
28	64	1.86043045744
11	56	0.885769917827
64	90	5.51254487474
25	87	12.6069117085
14	23	3.84110957581
1	98	7.42323271346
81	82	8.14629154794
39	53	8.55984127079
22	87	8.07895954136
31	66	8.0949737602
79	98	4.42558111921
44	64	3.89844399551
7	76	5.94412091615
46	89	10.5779493086
47	85	3.01488118145
12	25	10.7984096619
54	57	6.66495173362
69	88	4.46684438399
16	92	9.48860336871
15	60	6.38236129059
56	67	7.20237565762
19	57	5.80028294189
2	3	2.30149006657
24	44	1.83546507775
69	99	3.03044865656
10	67	4.07091781964
27	98	4.81934457625
47	58	4.72711150246
86	99	2.88193787799
25	58	4.93616977494
34	93	5.9982823487
35	89	7.28597278454
0	85	1.74442049534
20	24	3.72182694273
3	32	1.19111308499
59	79	6.76009159799
24	91	6.04457665789
23	61	10.5597467621
6	31	3.27233849633
28	40	6.38890292901
32	43	4.93477034928
13	71	7.89346133496
35	38	7.59709007039
75	79	4.56596179755
38	81	8.62220340791
39	93	6.65225433174
4	65	4.16694218447
7	52	5.76669408932
65	85	0.780348478695
28	95	1.85867408884
11	49	6.97896105543
14	30	1.87535493277
53	65	7.00786982734
70	80	1.82189636591
17	72	3.55415097858
39	50	3.41113355974
44	63	5.47355108348
7	69	5.04022572115
40	63	9.41123343537
47	82	2.56173262967
12	16	8.22981344759
88	97	7.46425357573
16	83	6.36917490297
17	91	1.14723719471
54	68	7.1577854768
19	62	7.18829378038
2	26	1.20806747109
27	80	5.14760714249
24	51	6.00290709797
62	96	2.120219253
10	74	4.39179612681
27	60	2.48894147881
34	84	4.62214661763
35	94	4.40417654444
0	44	4.56487295226
56	57	2.88362407896
20	39	5.84467659291
3	41	8.08603184321
59	68	6.26652028048
60	78	5.30953887934
23	58	7.01787363174
6	22	4.90177802806
82	95	3.55243341359
28	39	5.87933250268
47	49	3.74164397657
32	34	5.5570924293
13	64	4.33023970438
35	47	1.81477284759
38	72	0.979948659314
39	90	8.9816456899
4	72	4.81704808945
60	61	4.10704187928
53	98	6.91684844701
8	11	7.07884705563
7	45	7.92612325534
63	80	7.88585794495
28	86	1.66422275371
11	54	6.9347235165
16	59	8.3211412161
34	70	7.39274615605
53	74	0.98665216586
36	54	2.35782746835
2	98	6.88835073091
84	86	4.36204308765
39	43	3.53174859281
22	97	1.01272809847
44	54	5.30050183061
7	66	2.01683423435
51	59	6.06388671378
48	49	7.16675013099
47	91	1.64406857671
12	15	3.7273295327
69	74	4.94893846613
16	74	2.00137230691
17	92	3.01534719088
56	81	2.1802708428
19	71	7.35317925875
2	21	6.55824036204
41	86	2.55345285784
24	58	5.57238578085
29	62	5.5079488931
87	97	7.78724841132
35	71	4.54574055158
0	35	2.24809283984
20	46	5.27870673396
3	46	6.06678865239
59	93	8.46201658317
60	69	3.22079648019
23	51	6.58315691149
6	9	4.63947154998
33	59	4.39982581214
45	98	7.03352494928
28	62	4.90271942594
32	57	3.01126392218
25	70	11.2512106736
81	97	2.12026449127
38	67	2.19497507643
39	83	7.26495065492
4	55	6.15337523432
31	93	3.4755714235
8	50	5.13957205815
7	42	9.80082766205
63	89	4.67859381025
48	89	8.4045454595
11	47	3.73273618754
16	50	7.09370777196
53	83	6.42314645723
36	61	5.67407024118
52	69	0.814661771278
44	59	1.69567247121
44	45	7.88895960995
9	21	8.58597410401
47	96	4.03994439319
25	41	1.08761513404
16	65	7.56175206523
17	85	2.90360889553
56	88	7.75952512184
19	76	4.39775078431
20	70	6.70480362422
41	95	5.07396399042
42	87	9.54096396411
5	97	7.09268934274
91	92	4.11777297191
27	28	3.45448953662
52	59	2.94025209665
35	76	3.23570604506
0	58	5.2420912656
29	61	2.12962185939
37	73	6.10380218939
20	53	4.35968721593
3	23	3.35223679466
59	82	5.78183554888
60	92	8.6588836226
23	72	4.2894907444
29	40	8.38368841977
45	91	4.17674930791
28	53	4.66314771745
27	72	7.55414590775
32	48	4.46807204855
14	64	3.51819505159
29	83	0.221665216228
50	99	4.44002492561
40	86	7.70669438415
39	72	5.48053636702
4	62	4.83626219191
29	94	2.9552788145
8	57	4.79952706777
7	35	6.3356871713
63	70	8.61633137913
40	48	0.551767359987
11	36	4.61788445071
16	41	7.51684121898
72	86	7.50045495352
53	92	8.44126759811
54	90	8.19813349469
1	78	9.42441638523
41	55	8.92265998095
9	30	5.15930609686
27	47	3.88756079057
12	61	10.4275690101
43	45	6.17582774097
15	16	4.64448627497
56	95	3.51207294895
19	85	1.01541395892
20	77	5.253144915
41	64	3.71168092351
42	94	7.7829128927
42	97	1.80347682241
64	86	3.32807023332
66	72	6.06089694165
30	98	4.19308715548
13	26	7.06918901713
34	97	5.71131280466
39	71	10.3427830852
0	49	3.41659459255
92	98	9.64260151891
20	60	2.09429119095
3	28	4.9591710929
60	91	5.08068177699
23	65	8.12616176826
8	81	9.41830281749
45	84	1.86015038171
32	55	3.80549602419
14	75	2.50186688198
52	93	5.55535924255
17	21	6.87168453178
4	37	3.90477511354
8	32	1.78836450963
7	24	6.84565479316
63	79	8.9549562472
48	87	4.27628300518
11	93	2.9595523184
33	40	5.62489914393
16	32	6.55123775161
72	93	3.18612715813
39	98	8.51801725924
54	93	6.26234452743
1	71	1.33165385683
2	79	7.01222666005
41	56	7.85075468317
78	87	7.91464023324
29	45	6.39166890533
12	52	7.11253028666
52	99	2.25810915738
15	25	9.56240004454
19	90	7.15726323849
20	84	2.49402096053
76	89	6.57502478082
41	73	4.53872194094
42	89	10.6508790836
5	83	4.62610035881
6	99	7.61286504423
91	98	6.74042885164
45	60	4.64894802003
91	97	4.58322745687
66	67	5.11328931286
49	57	5.57753130702
13	19	4.22097781432
0	8	5.18224490117
20	59	3.9140136852
3	5	5.73866807682
59	96	7.39243865035
60	82	5.90473871286
23	94	9.93590159476
8	88	2.36726538778
45	77	8.35548117527
84	88	5.83150181564
85	86	2.23907162071
32	78	4.80815860693
14	82	3.24128365815
70	95	5.29780022062
53	61	8.46249444382
50	54	0.973579353521
1	47	6.67843182836
57	58	6.50331894282
21	36	5.08600672678
4	44	6.08077438376
8	39	3.4720326634
7	17	2.61802983878
48	78	7.73678855885
11	82	5.93521761553
12	92	2.72100087343
25	88	8.41682519458
16	39	9.48156450986
73	90	4.5405885258
36	42	5.99198112056
1	88	10.3257811956
2	70	4.31661984854
31	75	7.80658924283
61	62	7.33506328957
26	64	4.79611316213
31	74	5.61087850868
12	51	9.58770504112
93	99	6.724143759
17	56	5.93067539537
19	99	4.26250567264
20	83	2.58814348731
76	80	1.98993582325
55	79	10.647790383
42	64	2.63067907469
5	92	4.323921733
6	90	1.62465718827
45	53	0.322166076962
66	90	8.69269088004
49	50	3.0389207621
67	85	5.7690686428
35	99	2.15772379748
0	15	4.95635287577
3	10	2.87484294717
23	87	4.02778545924
8	95	5.53328478026
45	70	4.77785931796
40	65	7.93429028946
85	95	4.0536006345
32	69	5.63957480106
33	73	2.60637443969
14	85	4.31825654559
70	86	7.87740033114
71	92	10.5276249985
1	32	8.49081996311
37	99	7.8092400852
21	45	6.95144840151
4	43	3.41900256178
8	46	8.96316501015
7	14	5.27384852887
48	69	7.26469168152
11	75	4.08052529217
12	91	3.62004336972
33	58	4.63049657466
16	30	3.85937442462
72	75	6.47561306146
36	81	6.66484211624
1	81	0.937060285531
2	65	3.27612988544
17	65	3.38855835852
41	42	6.04949553381
5	52	3.30375860271
79	93	6.09983299284
26	75	3.25573846712
9	49	2.23446787092
12	42	9.61842854018
51	65	6.48569430576
17	49	1.63673786324
37	62	8.59311284796
20	90	5.66466377458
76	79	4.90577659517
77	87	8.29545408764
24	29	2.04298964434
5	69	2.49531651536
6	93	1.35456188424
29	97	4.82210994604
45	46	2.19213320194
10	16	5.75545740245
66	85	1.50895681394
27	53	2.30774229785
30	87	7.50215678258
52	78	2.93844444126
0	6	6.17598680919
57	69	5.96841701684
8	70	3.51707227619
64	99	1.56621283951
85	88	2.91264774276
32	92	3.62292010233
33	66	3.82130201235
14	92	5.64884598997
70	73	6.68580231949
71	85	8.36848778547
18	99	8.17156780205
1	57	5.68987489552
57	68	5.65736305819
21	54	5.47544717116
4	18	4.14300326683
80	99	7.25287414504
26	35	3.64805225424
29	92	8.16615030987
11	64	3.37446933447
12	82	3.55363621713
33	51	4.68274715516
16	21	6.65329112728
36	88	3.14941632482
37	86	6.01519047575
2	88	2.18922668809
22	31	7.75305470187
5	61	5.03480693769
79	90	5.21421190333
26	82	2.23050620772
9	58	8.42006742481
49	59	6.60282063385
12	33	5.57545229755
51	70	8.50011885627
17	42	7.30910410802
37	39	3.96692168634
20	97	3.26433433266
77	80	7.01000657996
42	50	6.95412326419
5	78	0.946286445185
6	84	3.48694813802
29	55	8.38936179581
10	27	6.74085358158
67	70	2.83167342167
30	94	4.93292924507
13	62	7.2100075069
0	29	3.25313984808
59	75	3.80582026452
8	77	4.53630332083
85	97	6.52463187763
32	83	7.91688178761
25	79	6.13975276828
14	39	5.60513954406
71	82	8.00501094171
18	90	5.51464747665
1	50	8.84620805724
57	77	7.41349484739
58	69	4.7715392925
21	63	5.93165836087
4	25	6.70204595031
31	90	4.85106467126
26	42	6.23213539832
60	81	4.49241301325
12	73	7.47192394558
33	52	1.62186203205
25	74	7.86926870944
73	77	6.91057621822
36	71	6.4572042773
37	95	4.41683366857
2	83	5.70172658603
5	38	7.89928495248
61	73	5.44001915895
26	93	2.2765227773
9	35	5.67958922127
30	54	4.26904541382
88	89	1.65777245987
25	50	5.23231244167
34	45	6.46124693648
17	35	4.15082385089
42	61	6.84443259731
25	99	2.92318417351
6	79	6.39325447416
38	56	6.44406199194
67	79	9.73124145881
30	65	3.71865300831
13	55	8.88132407551
0	20	1.75047369421
92	93	6.13017069609
55	75	6.45207391585
3	97	5.03235041696
23	98	9.28644161306
84	94	6.49725004515
46	60	4.64942345419
27	65	6.24546462639
50	60	4.58797147711
33	92	5.37800672598
14	46	4.61007092831
71	75	5.37969513586
18	85	5.33014570297
1	11	3.16838920312
57	86	6.54339884234
58	76	5.06071452914
21	56	7.10770843112
80	81	5.74833834947
26	53	4.15439282672
64	72	7.89395277899
40	55	7.75642863292
12	64	8.25299173247
72	96	6.97666017466
36	78	1.92973046402
37	88	2.65655742799
2	42	6.91962049853
58	63	8.0777778961
40	89	7.93240683162
22	41	5.02557856791
5	47	3.62766934022
61	66	6.46103933723
62	80	6.56936844058
9	36	3.50990208237
27	36	4.78727370738
30	57	4.20494391839
51	84	3.48964413596
34	36	1.95740275217
17	36	1.78977709978
37	41	8.52515160957
6	70	2.60420232822
10	13	11.0059607866
49	94	5.62282829917
30	72	6.20470185625
13	48	10.0683536458
18	61	9.74568315606
55	64	8.6016668643
37	56	6.14113869175
95	99	3.63992145081
29	75	2.50663951097
32	97	6.18632585006
33	85	2.6822009109
14	49	4.2875296663
18	76	3.79271566927
1	12	10.1664383745
57	95	3.46201334469
58	87	10.2065308435
21	65	4.4999114047
4	15	2.88291576903
43	92	4.61871563439
26	60	5.2682265618
46	59	8.77458877862
89	91	4.4702830391
19	23	7.22823010612
2	37	2.17249568018
48	76	2.89159478051
22	32	6.11186695606
5	40	8.40891055151
61	91	7.2018166474
62	91	6.64808377931
9	45	5.74879417143
30	32	5.05498938298
51	93	6.0756888803
34	63	2.38108493124
15	67	3.55773026639
27	94	7.09174406786
42	47	5.11409796593
6	57	0.948642205858
10	52	7.89778979557
49	87	6.08582160549
50	95	3.3499256461
13	41	0.662458961267
18	52	6.28527762143
55	89	0.206439820677
38	51	9.53138091868
48	97	4.25103080892
31	85	8.31535442964
25	30	5.34379340761
8	98	9.83838284005
64	79	2.42583972859
11	31	6.28179181864
54	86	2.46323733839
14	56	3.35343073883
53	99	5.52373857545
18	71	8.24650163789
1	5	10.1497654148
57	96	3.82449694118
58	94	6.44017520942
21	74	6.3725185489
22	72	7.1025867398
43	85	0.91685383943
44	93	8.63714213347
60	65	4.69565536409
46	66	9.52490272293
25	33	5.44379772215
73	96	2.14181624646
19	28	2.38081090018
2	60	5.46462315345
22	59	5.80223466349
5	17	3.43519099636
61	84	6.81355012962
62	66	9.47008208961
9	86	5.86041971779
30	43	3.13542180776
45	94	8.35415595632
44	73	4.79036196398
34	54	1.36583962042
15	72	2.52544201239
0	74	4.55797407265
37	65	5.33734798428
24	64	4.48138678333
23	24	9.83435922617
6	48	0.735305440869
10	63	9.54811556575
49	72	4.16949654721
50	86	1.69324750265
13	34	3.572444089
18	47	4.28725519177
74	80	2.80863921634
55	86	6.44785920469
38	42	9.28524946916
3	84	3.43884286947
43	61	4.76563697456
64	70	7.66143702978
65	72	6.94232333888
11	20	3.8286937229
1	30	5.54145861617
58	89	10.2924166616
21	83	0.877382649255
22	67	7.61340541133
43	74	5.36139216486
44	84	6.23271487132
7	96	8.51461608142
46	69	6.82326497116
27	87	8.34207775103
68	82	7.02456158659
40	77	8.64542195265
15	32	2.12207906516
19	37	4.58491051871
2	55	3.6496336751
22	50	4.95906376729
5	26	4.52786621308
62	69	6.26725180243
9	95	4.45780424758
10	87	1.89675981917
40	45	2.56561633184
86	95	3.24808222078
34	49	3.68209388282
15	81	5.83966713883
0	65	1.52931614034
55	62	10.9768961788
37	55	3.19611746549
76	97	2.84086252302
24	71	8.12324650558
6	43	6.83761375204
10	38	2.22548462539
49	65	3.5234553407
50	81	7.90938260815
13	91	6.66782651767
67	94	8.57289079408
52	85	2.89491395313
35	50	3.18745040693
18	38	2.09041917962
74	91	3.44150792952
75	91	2.93720601373
38	45	5.92776985262
3	93	1.59254676243
4	85	4.23615831154
29	65	3.45020367612
43	50	0.17411111394
8	16	8.2461823991
64	93	5.34640904909
11	13	7.54879853595
29	85	4.19927180765
68	90	4.94563613922
40	84	3.72726988935
1	23	5.21985936592
29	64	2.53175571264
58	96	3.0421227949
21	92	9.26324749711
22	90	4.17107256477
43	67	5.75071393609
44	83	1.41719950833
7	89	1.04449152221
83	88	7.00894405486
46	76	4.02628027879
47	70	5.33904049086
68	89	10.0417142104
69	85	2.08141427837
15	41	8.51938858862
36	98	5.42053430548
19	42	6.69157272155
2	14	2.29948794916
22	53	2.60426377601
62	76	4.92160932503
9	64	6.91031122856
10	94	10.3947714361
47	55	5.52428919051
87	92	6.0563542061
34	72	6.84419655086
15	94	8.31227645107
0	88	3.60196996052
61	75	4.45159433028
3	53	4.19568506554
24	78	3.87759439541
23	46	4.20802301988
6	34	7.30084863564
29	48	8.36443449
10	33	6.3566412899
50	72	6.27073707365
13	84	6.41678691098
14	98	6.05572787694
35	59	4.1542575318
18	33	4.68665264006
75	80	5.11103208164
40	78	7.46775976816
3	66	5.26392637218
4	92	5.90723723284
8	23	6.05376663286
64	84	2.67296215768
65	90	8.02762002051
28	74	3.90296304726
25	80	9.72242052622
81	83	6.61591825607
39	63	3.03116393287
22	93	4.27750381697
31	67	3.43380648082
44	74	7.26062250397
7	86	5.38583355846
83	97	4.87370700073
46	87	8.12276498401
47	79	5.14670590154
12	99	9.12854245382
35	97	2.82977284527
69	94	2.65507703152
15	54	6.15907481927
19	51	6.04062126169
2	9	2.03677752805
29	82	5.55273662971
41	98	1.56614229204
24	38	10.4412640915
5	12	6.07087213733
9	73	6.15788124621
10	89	7.13850165529
27	99	3.50885472646
47	60	3.49938996908
25	59	1.91636895303
34	67	6.38747147657
35	83	2.58790988026
0	95	2.35580173209
3	58	7.14284499404
59	73	5.25801609621
24	85	3.57514501493
23	39	8.51784441998
6	37	4.32217095124
10	40	1.88132813975
50	67	5.76408001126
13	77	6.14848344489
18	24	8.48028753953
74	77	7.56117771129
38	95	6.12859258069
3	75	4.5303740671
4	91	1.81246308361
8	30	6.21355763938
7	62	10.2341248324
65	83	3.66181874688
28	65	2.84480007912
11	59	7.63792025017
14	20	2.5190010696
53	71	2.58497109852
1	97	3.05717681793
17	73	4.86429169996
39	52	5.58812874885
22	84	1.61753543659
26	27	4.91245729148
7	79	9.84306320701
40	62	6.16057948594
47	84	2.2374815036
12	26	3.47304933467
68	79	0.686219403159
69	71	6.56166266329
16	93	3.98394201053
15	63	7.63751549245
56	68	3.46779907018
19	56	6.57402468949
24	45	8.0314654312
54	83	4.63176980443
10	64	7.74491362494
27	61	6.59138276208
86	96	5.69798762533
34	90	7.62415280984
35	88	5.6287088059
0	86	1.53244650936
20	25	4.58423236013
3	35	4.80753060807
59	78	4.13073677422
24	92	7.75292229835
23	60	6.94507817692
6	28	6.11658146013
28	41	3.22212007956
32	44	9.16698882759
13	70	10.5176806201
35	41	3.64515198903
18	19	5.08783930308
75	78	2.97255459728
38	86	8.40390781069
39	92	1.67563653517
4	66	5.11241908986
39	68	9.24277186244
7	55	1.0978785488
65	84	5.07181480221
28	88	5.29216203951
11	48	3.01483137522
14	31	5.40125588156
53	64	3.95801264044
39	45	8.33191727097
26	98	7.04143640508
7	68	9.15877644047
46	97	2.0180383271
47	93	3.57037599081
12	17	3.09273053179
88	98	8.26176757873
16	84	2.61549654278
17	90	5.95349496134
56	75	4.9515138383
19	65	0.901480470057
2	27	5.62979535112
24	52	2.7374333285
62	97	2.09682023512
29	63	4.9941341097
10	75	7.03898754749
86	98	3.44222709622
34	85	1.1369829362
35	65	3.47358922907
0	45	5.3707715097
56	58	4.47746441401
20	32	5.42753281424
3	40	3.05312130334
59	71	8.22213984595
60	79	2.57373262577
23	53	2.71317289752
6	23	0.571448987076
82	92	2.75466585686
28	32	5.69759982635
67	76	4.90147542873
32	35	5.65725985934
25	71	7.82746402231
27	70	6.96905482094
35	46	4.84778724536
81	98	6.66907632137
38	73	7.62742333413
39	85	2.86742000068
4	73	2.20834953847
31	82	6.19600036861
8	12	0.672841518862
7	44	8.38111067861
63	83	5.18200672996
28	87	8.39495710597
11	41	6.97997375067
16	60	4.30804915498
90	95	4.25887787663
53	73	3.02493025866
36	55	4.76131579985
2	99	5.78880073446
39	42	9.9298987082
44	58	4.48219126453
44	55	9.46476754911
9	19	4.38907938202
48	50	7.49540619762
47	90	5.10450292114
29	35	2.44545520834
25	42	6.56748536755
16	75	5.00099185791
17	83	6.00855772094
56	82	6.58049086569
19	70	6.72046453788
2	18	2.64992276581
41	85	4.57226390005
24	59	0.256602091834
31	57	3.38576747134
47	95	1.07650761306
87	96	7.58641970339
52	58	3.96248831305
35	70	6.79853900973
0	36	0.911320518139
37	74	4.98344111569
20	47	1.50600345436
3	17	2.37629208015
59	92	8.0011959811
60	70	8.21777828555
23	50	7.47161127276
6	14	3.3935878972
82	87	6.14060621252
45	97	1.97624873715
28	63	4.71985253749
27	73	1.50929989684
32	58	8.19271180086
71	98	6.13582599802
50	98	5.13097708929
38	64	8.56885566865
39	82	2.36475811137
4	48	4.08685939326
8	51	9.38175099682
7	37	3.21550998305
63	88	3.72220860412
48	90	1.0909166047
11	46	1.92654624883
16	51	3.2038772672
46	48	3.97087523747
53	82	6.20226980635
36	62	6.45132758374
44	46	8.03299214886
9	20	5.37574911024
27	44	5.87935184682
16	66	8.83173689991
17	84	4.02162145101
56	89	9.16276830776
19	79	6.60213746831
20	71	5.020481325
41	94	2.52139435169
42	84	3.43763486678
5	96	7.55039131064
33	93	4.08757264155
27	31	7.9722894945
66	78	1.42435083309
35	79	3.67207108651
0	59	3.81308350918
20	54	3.65836121503
3	22	5.03046657053
59	85	3.82543126117
60	93	5.92198913498
23	75	6.23679756457
45	90	1.44303683855
28	54	3.58655799687
32	49	3.13985698584
14	65	4.32722332966
52	92	6.54316826932
74	97	1.80276949658
17	22	5.23501845597
4	63	5.87947032636
8	58	9.49530051412
7	34	4.30904979411
63	65	1.88063176987
48	81	4.56357585772
11	39	8.29994515255
54	70	7.22409788083
16	42	2.34641889491
72	87	1.91706955361
39	99	7.84024539486
36	37	3.62702473938
1	77	11.2054314327
41	54	4.76036385765
9	29	7.52231502593
12	62	9.93034358685
15	19	5.41562770416
56	96	1.43637765344
19	84	4.26861179141
20	78	3.36498645912
41	71	7.24621317199
42	95	4.12848734721
66	73	6.4093696807
67	95	5.71984852383
30	99	2.83616816965
13	25	1.10779418402
56	60	4.76818560993
0	50	1.01018399219
80	90	2.81903839834
20	61	4.44820654281
3	31	3.32119698321
60	84	3.25788585426
23	64	6.35428003617
8	82	2.98694350733
45	83	6.487076781
32	72	1.29089246292
14	72	4.37679973093
21	26	6.75789089913
4	38	5.50883546588
8	33	5.180873478
7	27	8.54171396576
63	78	1.94618236203
48	72	4.50966781269
11	92	8.29030201364
25	89	9.89432724456
16	33	5.12966107034
72	94	9.12337596998
73	80	4.91285494782
36	44	5.40421675641
1	70	8.03910798994
2	76	3.01929278817
41	63	4.96967708929
31	72	2.10180768453
26	70	3.47013407994
54	71	8.58878366672
12	53	7.06106857167
15	24	8.41672686213
19	93	5.41121203132
20	85	3.42679396236
76	90	2.78296436805
41	72	9.95223131127
42	70	8.19153380609
5	82	2.66054115218
6	96	4.02934647655
45	59	8.2071303726
54	64	5.4464055669
49	56	7.56641423111
51	79	0.697013732701
13	18	9.1943577478
25	60	3.94509208564
60	62	3.39321967651
0	9	4.34122877872
89	97	9.03368666878
3	4	2.74053405421
27	67	8.19662107576
60	83	2.12409216723
23	89	8.24532153119
8	89	2.42780023418
45	76	1.98209415491
40	64	6.35277178381
84	89	7.37325180314
32	79	8.20811762799
13	99	2.92574383984
14	83	5.1018311734
70	92	5.57927964277
53	60	4.52766222643
1	46	1.24573121329
75	99	2.65786949765
91	94	5.79596374839
21	35	3.26118230565
4	45	2.77515419669
8	40	5.72983546184
7	16	9.15835588798
48	79	6.20302402509
11	85	6.74006461078
12	93	4.35390175641
85	90	8.03995521914
16	24	8.18289418216
73	89	8.15813241377
36	43	1.45768237237
1	95	5.60218704802
2	71	7.14891366463
17	66	2.89423073796
78	95	3.85570479868
79	87	9.89393725841
26	65	4.19569909049
9	15	2.9867611915
12	44	10.2328615203
15	97	4.60561765492
70	75	6.61231468817
19	98	5.01501586842
20	92	6.56459424607
76	81	4.45253642972
77	93	7.00725713759
42	65	7.23429129882
5	91	4.05460211107
6	91	4.08267243904
29	98	1.47825465473
45	52	5.33497976899
10	22	6.61463272488
66	91	3.83632061673
27	50	5.88756036047
31	97	7.41296633761
51	53	3.8916765797
52	77	4.80369802419
35	98	3.48393088289
3	13	8.40064811764
57	70	2.4321540753
23	86	7.84508112297
8	64	7.9630919196
45	69	5.73952889718
47	63	4.6494776508
85	94	2.83358596446
32	70	2.12802399168
33	72	5.60929970892
14	90	3.7226879923
70	87	1.41031542251
71	95	4.48122285576
1	39	11.4074475948
57	66	6.94284095891
21	44	1.11635110406
4	20	2.12068277152
8	47	4.88791911485
7	9	2.86170006246
48	70	3.25829772494
11	74	0.824657825888
12	84	6.18294419135
33	57	4.44294318877
16	31	7.10522183159
72	76	4.21431375799
36	82	1.76326089667
1	80	6.40228218467
2	94	5.43729506991
5	51	7.48527598623
79	92	10.4000311011
26	72	3.2221126055
9	48	5.36933009769
12	43	5.69615656057
51	64	1.81204002053
17	48	5.67055592569
37	61	9.27855747238
20	91	3.148887575
77	86	4.14009141245
24	30	4.61442373895
5	68	7.41921384473
6	82	5.83184214405
29	56	6.63242554052
10	17	5.22223856942
66	82	2.05838914211
30	84	1.59825543232
69	91	3.40160722755
0	7	4.23436449191
60	97	2.84918480097
8	71	9.44800554615
33	61	5.19887182167
29	33	3.36354307197
32	93	2.71410603831
25	72	11.0368174217
14	93	2.18666661291
70	78	6.80876608603
53	91	4.41451396599
18	96	6.6498433349
1	56	2.82254371943
57	75	5.00757381
64	78	5.18396124529
21	53	6.85226451684
4	19	3.30904699329
31	91	5.09979632947
26	32	2.00924030194
11	67	6.95804935038
12	83	9.0866531618
33	50	1.9675962149
16	22	2.5190395542
29	66	5.7071950066
73	75	2.12386342949
36	89	4.80598323398
37	85	4.7986622817
2	89	3.74038482123
22	28	2.53718524992
5	60	5.70944081177
61	79	6.44162590735
26	83	5.95301641407
9	57	3.85606453691
12	34	6.33213891321
25	51	5.46462799715
17	41	6.6228757623
37	38	2.62938768163
20	98	3.61655406052
77	79	9.42282779125
42	51	1.1057480683
5	77	1.6928593295
6	85	7.49140505837
10	24	10.523718789
67	73	7.40079195515
30	95	0.804088347449
13	61	0.574597423656
0	30	2.30547986848
55	77	3.07211168573
52	60	2.40723544042
8	78	4.71588343419
65	99	4.39533142327
27	78	6.50971584644
85	96	6.96949383083
32	84	4.55587978543
33	90	5.56112697091
14	36	2.12867060023
71	77	10.0533024582
18	91	2.64395026881
1	49	10.124576105
57	76	1.69613933218
58	66	8.24305461177
21	62	5.46228033098
4	26	1.80889662178
80	91	2.85548847689
43	97	5.61503214638
26	43	3.4002793414
63	98	6.33727058267
40	54	7.91404540654
12	74	6.26711922263
73	76	2.92657191505
36	64	3.84379534767
37	94	7.52738951134
2	80	3.52558052888
22	23	5.07601830124
5	37	5.275992949
61	72	10.7449624739
26	90	4.49415625357
9	34	5.07670460066
27	37	6.94843895191
30	55	6.94495752352
88	90	7.71123693902
51	78	6.98334299546
34	42	6.73266506658
17	34	3.31460420565
37	47	3.91404160712
42	58	1.65215354383
25	98	1.71851854494
6	76	2.49679975452
67	78	5.40203439973
30	70	6.10062786295
13	54	4.67147245188
0	21	4.34686369366
92	94	6.9243990434
55	74	7.7382656909
3	96	5.03497010452
95	96	2.9634595608
84	98	5.53944373966
29	76	5.66957673564
50	61	4.79244072388
33	83	3.5655546497
14	47	1.43695496985
52	91	3.66841598639
71	74	3.22332933771
18	82	3.15676121509
1	10	7.34871985578
57	85	6.54546500673
58	77	8.71423154905
21	71	6.22616524799
69	92	5.84966583143
26	50	3.50528012018
46	49	8.89721818743
67	97	7.72614038212
12	65	6.31458235955
31	41	11.3832073058
72	97	7.03862977531
36	79	5.99775870195
37	71	8.18549666124
2	43	2.52769077681
58	60	1.5696845797
39	57	7.04698098553
22	46	3.00610482893
5	46	9.05456168861
61	65	4.30994171946
62	81	1.56589414532
9	43	4.4405379709
30	62	4.21490993179
51	87	9.88826447838
34	37	5.27578161015
15	69	5.76167581834
37	40	4.56676739981
96	98	5.79176582408
6	71	5.27047385218
49	93	5.185071555
30	73	1.17021706297
13	47	5.18641631553
18	58	8.61197057068
55	67	3.01819382141
38	57	3.57454432201
46	58	3.83485004286
81	84	3.61478632224
64	73	1.02231856897
11	25	7.82318829151
32	98	9.03339760967
33	84	2.58435725022
14	54	4.48051080867
18	77	5.29332470668
1	3	7.30163687651
57	94	8.58978664456
58	84	3.75101863289
21	64	2.89724114683
4	8	5.07070662835
43	95	3.18010709853
26	61	7.59497822348
46	56	1.62594659118
25	34	4.58776004665
44	69	3.58849453436
47	81	5.75143587004
19	22	4.68757723803
2	34	3.14748422546
22	33	3.11337314595
5	23	8.6282745187
61	90	9.93726082379
62	88	9.46616207689
9	44	8.90202471871
54	88	2.79563046405
30	33	1.44236026603
51	92	9.99508166851
34	60	4.20996011694
15	66	6.30385471852
37	66	4.42740577562
42	44	6.08919379119
81	90	3.47639586058
6	62	6.06814988089
10	53	4.63232258681
49	86	4.70252089251
50	92	4.54312445939
13	40	10.0488094123
18	53	5.81220685512
74	86	5.44243751858
55	88	1.62767329019
17	96	5.91746821025
4	96	3.04159122799
25	29	2.17817914384
8	99	8.74773289457
40	71	5.33192834438
11	30	2.93975083095
14	57	2.5198461771
44	66	6.56456376022
18	68	8.02873382893
1	4	5.659591814
58	95	3.96275097161
21	73	3.85194863138
22	73	0.587145065409
43	84	4.3778533956
44	94	2.97271261611
46	67	8.7900296253
27	84	2.11687603331
68	84	3.05394336856
51	52	4.20080326922
19	31	7.89367998844
2	61	7.10606262203
22	56	2.85492064491
5	16	8.40313181888
61	83	2.04140051012
62	67	9.81790908705
9	85	4.5435788269
40	44	9.93555034864
30	40	5.2203641965
34	55	5.38419606881
15	75	4.93845780327
0	75	1.35807299424
24	65	2.8258343328
23	27	4.98411573648
6	49	6.47486745256
10	60	8.32542609701
73	81	3.6155377001
49	79	8.88563429088
50	87	8.07162649538
13	33	4.68457814615
52	84	3.4930836642
18	44	9.47610645313
74	81	3.16287810573
55	81	10.840099124
38	43	7.16650325815
3	87	3.44932527924
57	79	6.13103610214
43	60	4.435348136
64	71	3.64581678838
65	79	7.09186502214
11	23	3.19257576922
79	85	7.59587076262
98	99	1.41640703937
1	29	7.46368896081
21	82	6.64949200358
22	64	1.35617783787
43	77	2.76070297669
44	85	5.11353663143
7	99	8.02191921872
46	74	2.72722221941
68	83	4.14134482656
51	61	5.75336277338
15	35	5.02236002231
19	36	1.35400417947
2	52	3.72764161881
22	51	1.89494649896
5	25	5.57014857369
62	74	3.77415609096
9	94	7.30338156823
10	84	5.07469079222
67	87	3.13896689557
86	92	6.22995086093
34	78	1.29076848674
15	80	0.256528684547
0	66	3.01800142849
55	57	6.69871296164
76	98	6.67399026336
24	72	9.52121738912
6	40	0.301594803795
29	49	6.61524083438
10	39	7.79714034284
49	64	6.79124569714
50	78	0.73100964042
13	90	9.56544409433
35	53	4.04894243333
18	39	4.45566992079
74	88	6.42127860196
75	90	5.83295505998
40	72	3.96340971588
3	92	4.54916821316
4	86	3.72987173154
43	53	6.30239627012
8	17	2.62890838772
64	94	5.17072957954
28	76	3.63066917403
11	12	7.09092060897
25	81	8.35187901128
54	98	5.87569196709
1	22	3.95685115302
81	92	10.5980528708
58	97	2.59254344819
21	91	6.44161115715
22	91	4.22599265686
31	64	8.79151874624
43	66	2.29889864808
44	76	7.22652345397
7	88	0.785682380816
83	91	5.6183435514
46	77	10.0407443686
47	65	2.92384710761
54	59	3.97259008801
69	84	3.8796718686
16	96	0.930640827073
15	40	1.94380301288
36	99	4.3644468156
19	45	6.0658201876
2	15	3.27288744609
24	32	8.2303273386
62	77	9.97221797516
9	71	8.35551068621
10	95	5.57280142269
27	96	1.01293505633
47	54	3.20410036787
86	87	9.1738229473
25	52	3.82317367842
34	73	4.24083386496
15	89	6.01467063849
0	89	5.23964124028
3	52	5.33603264491
24	79	6.69726845395
23	41	9.65468026936
6	35	5.67785790827
10	46	6.29488815512
50	73	4.40258958629
13	83	1.77055366906
14	99	4.71124305427
35	58	3.02593293125
18	30	5.45009630147
75	83	2.69865153602
40	79	6.52298559764
3	69	5.16121987605
4	93	2.56020284276
8	24	8.51189558392
64	85	5.2110249042
65	89	5.09930608672
28	75	0.487655276385
27	71	1.7544127365
14	18	3.72492331418
17	74	4.58868564399
39	62	10.3862893977
22	82	5.57108194766
44	75	4.02405973576
7	81	10.2248573073
83	96	5.45741559155
40	61	10.4817033566
47	78	2.7952898875
12	28	6.96993661947
69	93	5.61414615212
81	95	4.67611502054
15	49	4.81640606487
19	50	0.279670245632
2	6	4.82572932503
41	97	6.02172413652
24	39	6.34173393639
5	11	7.34459984243
40	82	6.12685793945
9	72	1.9543963683
10	70	1.23924545504
27	58	2.04499260716
65	67	6.38589702201
34	64	4.17722021577
35	82	4.24382692564
0	80	5.17329559081
54	89	4.1570041795
97	98	5.22438752914
3	61	8.92022794746
59	72	9.7731252543
24	86	2.07082053579
23	38	4.18914742485
6	26	3.62957845933
54	66	1.29002290602
10	41	10.6146683259
27	90	3.90034323658
50	64	4.48138228965
13	76	7.2896698308
89	99	9.03240058492
18	25	10.0643311862
38	92	5.10819895859
3	74	3.40259589938
4	68	3.95041439911
8	31	4.22946152698
7	57	6.46458733025
65	82	2.76371203765
28	66	4.74534838504
11	58	3.82878193206
14	21	5.8249325663
53	70	5.09754390445
1	96	2.63958709771
69	80	5.96326846229
39	55	1.7769897816
22	85	5.7023979937
40	87	3.75349591602
7	78	3.02705172278
46	95	4.44444730542
47	87	6.68726250323
12	27	8.29918898138
68	72	8.54764134182
69	70	7.28648166518
16	94	8.69613288655
15	62	6.60646416465
56	69	6.16901319064
19	59	3.67338774791
48	66	8.51916867404
24	46	8.65101383351
29	32	7.71471975314
10	65	8.34956143042
66	98	7.16569328293
86	97	5.16119931889
34	91	3.49468985383
35	91	3.42129982
0	87	7.66488420294
20	26	3.42751278857
3	34	5.28667940358
59	65	3.07937216108
24	93	8.23898807281
23	63	9.63610812003
6	29	8.12326220513
82	98	7.01145127299
28	42	4.38993291383
67	77	5.35354173908
32	45	5.07654660128
13	69	3.27605616253
35	40	5.93852663355
81	99	5.48012622127
38	87	0.958398215255
39	95	5.86669139958
4	67	5.1963290569
31	83	10.4795985153
7	54	3.1203984929
63	85	1.64927950386
28	89	6.94613311508
11	51	3.39139933763
14	28	2.84942278354
53	79	3.68962455428
39	44	7.96733335534
44	57	8.92225580861
26	99	5.79297242429
7	71	10.1094942864
48	60	6.81530095187
47	92	5.27719041012
12	18	1.24886968432
88	99	7.39296896022
25	43	5.19010631563
16	85	7.81150926896
17	89	3.3564536165
56	76	2.5977929721
19	64	4.23888364467
2	24	5.83131319575
41	83	1.14803049726
24	53	8.03057863087
31	62	9.27939469568
87	91	5.18624262536
10	72	2.65660461852
34	82	2.78994047493
35	64	1.3692332598
0	46	6.73567572216
56	59	8.52301911045
37	75	5.18740330744
20	33	1.2072234465
3	43	4.71117307048
59	70	10.1869605248
60	72	8.40709498351
23	52	7.10122573435
6	20	5.77758344982
82	93	4.48877193394
69	79	5.60123777958
28	33	1.39805281352
32	36	3.78697125283
67	71	9.35742382092
38	78	7.02858080636
39	84	6.88990058046
4	74	1.96268459736
60	63	6.50918428484
8	13	9.33056092107
7	47	4.69647273555
63	82	3.51791243385
28	80	5.46918510797
11	40	3.28350176413
16	61	8.396361178
90	92	8.56142583062
53	72	5.97446724146
36	48	5.90019058681
40	91	4.38288545419
2	96	5.54518752301
44	48	9.90585721163
9	18	0.85924020674
48	51	6.40010847048
27	45	2.52804951777
29	68	4.16346724761
69	72	6.92599131779
16	76	3.30008603729
17	82	0.839401879351
40	70	2.70711603958
56	83	6.70984270739
19	73	4.13418453986
2	19	2.45765220552
17	60	5.83841545287
41	84	5.90563870238
24	60	4.14798690292
42	99	3.78081920671
77	99	6.99869998548
9	99	7.76468457944
87	99	10.3383104403
35	73	1.28475840973
0	37	4.48639133223
20	40	6.05004414535
3	16	5.36014160809
59	95	5.39941152059
60	71	4.00584046589
23	77	8.90756652286
6	15	1.67221947623
82	84	4.53203873351
45	96	1.59199378019
28	56	5.00662034322
32	59	8.48226781202
52	83	1.97452506965
38	65	7.90029871863
17	23	5.57300778076
4	49	4.48909886575
8	52	6.66756038549
7	36	3.86860380813
63	91	5.04051651965
48	91	4.69231064741
11	33	4.0747519368
16	52	5.6598148814
72	81	8.36510039566
39	96	8.78096273346
36	63	3.83927442604
1	75	6.63639584208
44	47	5.30896182822
9	27	7.06680817855
47	98	5.10108534105
16	67	8.08869024009
15	21	8.28230844791
56	90	1.49067178717
19	78	0.946221481072
20	64	1.84509209756
39	77	1.30096589424
41	93	8.23844987714
42	85	7.69747671091
27	30	2.59010639577
66	79	8.9312247537
67	92	2.9177516278
13	31	11.7156509049
35	78	3.86641584861
0	60	3.77056556484
20	55	6.80721046162
3	25	9.15783121898
59	84	6.39880662191
60	94	4.93318463859
23	74	2.80835148478
45	89	8.54126115549
28	55	6.91847242064
32	50	4.99049048405
14	70	4.22763219942
70	99	8.93642872336
39	74	7.57780670271
4	56	3.31914324383
8	59	8.76845929291
7	29	7.33981366255
63	64	6.53161594046
48	82	6.47808082077
11	38	6.47335031298
25	90	9.91988617667
16	43	6.92113753942
72	88	4.2229537346
53	90	1.5982827459
36	38	5.97466797664
1	76	5.27187525429
81	85	8.64451674743
41	53	7.55876239161
31	73	7.80074782363
9	28	5.60618421221
31	47	6.53635526055
12	63	6.73508191089
15	18	2.50518176209
56	97	1.95060532411
19	87	7.92992360983
20	79	4.17423798907
76	92	6.20918671147
41	70	10.1868100231
42	79	0.508329890646
90	94	9.63453741586
31	49	6.24009826482
66	70	7.05662714849
30	96	2.96760445622
13	24	1.00661985417
25	61	0.624262018412
0	51	5.3735432682
20	62	4.77620562515
3	30	4.14687232759
60	85	5.29484615448
23	67	5.57153393319
8	83	8.63505084189
64	96	2.90187984404
45	82	5.9815083131
40	95	4.53552802024
32	73	5.9349581021
14	73	2.63237888009
70	90	4.22755545681
77	85	1.91603553909
21	25	1.60764774433
4	39	5.74807240692
8	34	5.77681741497
7	26	4.03400703829
63	73	6.61958478516
48	73	5.21577659107
11	95	2.69051564687
33	46	5.78986311573
16	34	7.08525513782
72	95	5.41523491769
73	87	8.09540673204
36	45	4.83711618164
1	69	7.8374386006
2	77	3.53392327801
17	67	3.11873412639
41	62	6.55166564828
78	85	0.37683357747
26	71	6.27979434786
12	54	5.62914831567
15	27	5.14531472976
70	74	4.62367589507
19	92	4.63105397644
20	86	1.9237717035
76	91	2.19956373988
41	79	5.67067339028
42	71	1.31591049133
5	81	9.21273826846
6	97	4.34964102522
29	99	1.26750156122
45	58	4.56841716319
27	51	1.60121270109
13	17	6.78726169215
52	76	4.21321524918
0	10	7.04268385144
55	97	8.93559897763
3	7	4.55797201733
59	98	2.86812784479
23	88	7.19923583622
8	90	6.91893196947
45	75	4.54181315951
84	90	3.17216244268
32	64	6.78095751878
13	98	2.17557232063
14	80	2.61976250221
70	93	2.42992013689
53	59	8.19868307524
1	45	3.41564862358
75	98	3.80394726272
21	34	4.14860966136
4	46	4.45305875322
29	84	4.69282224868
8	41	9.21218307125
7	19	3.80537563394
48	64	6.2254549168
11	84	1.49631052466
12	94	8.49667580288
33	39	4.76323313575
16	25	8.25286379602
73	88	6.5219198324
36	84	3.12929242278
1	94	10.121564721
2	68	6.33861692282
78	92	3.90652701502
79	86	5.7505457445
26	78	3.58157994053
9	14	3.60354184253
12	45	6.75108725988
15	96	4.48726383275
37	51	8.2206911359
20	93	4.68065520601
76	82	4.0206808052
77	92	2.95266037957
42	78	7.61531680752
5	90	8.66393032672
6	88	6.62853984608
29	57	7.36531885874
10	23	2.13919221826
66	88	1.95394283708
67	90	6.54801316369
30	82	3.97595189269
31	96	7.18649559568
17	19	2.6239048852
0	1	7.83745305088
3	12	2.86987290413
23	81	4.79984814573
8	65	5.72966912849
52	62	5.51867341555
45	68	3.60242997381
84	97	1.68571033123
85	93	6.14502458966
32	71	7.8111030408
25	73	5.38573133057
14	91	1.531207729
70	84	5.06751499048
71	94	8.79971239874
1	38	9.21708864229
57	65	6.70149847981
21	43	4.65052732102
4	21	5.39944032815
31	88	6.30592877657
26	38	4.05077159657
7	8	2.63174455275
48	71	4.91690448677
11	77	8.20828804659
12	85	5.68247467232
33	56	4.89512828093
72	77	6.37856078912
36	83	4.22749172549
1	87	9.21220491313
2	95	2.79862366658
22	26	4.24688561939
5	50	1.30950537416
79	95	4.21414623695
26	73	3.9992324642
9	55	2.86679822043
52	71	5.87344978585
12	36	4.85928885161
25	44	0.62144536815
84	96	1.89991927781
17	55	3.26228109503
37	60	7.34888144911
29	42	4.99199314334
25	64	4.47207680655
24	31	11.1385045654
5	67	6.17294797399
6	83	8.2625892777
10	30	6.34888624829
66	83	5.92137148364
30	85	4.04907600916
0	24	3.56475372176
27	68	1.08425544313
64	88	6.99320979999
60	98	2.38930550521
8	72	2.15325053017
27	79	1.56794178268
32	94	7.84200092159
33	64	2.98218169869
14	34	3.95204277742
70	79	8.52869225715
71	87	8.96113047336
18	97	6.62225946261
1	63	11.1222081309
57	74	2.22521428785
21	52	2.83270056496
4	28	2.45618741396
26	33	2.40756937525
40	53	2.84095080915
11	66	7.69289389207
12	76	5.02121824487
33	49	3.80930534064
16	23	3.73047895963
29	37	7.62319589098
73	74	2.53556755074
36	90	5.85118069034
37	84	4.8316526109
2	86	3.84283856946
22	29	3.81888645667
5	59	3.73323926447
61	78	5.35842891238
26	80	2.38083270443
9	56	6.36760422001
27	34	5.74790660278
12	35	7.03831524027
51	72	8.98735835012
17	40	5.30504814491
0	96	5.23179762953
27	91	4.95571870602
20	99	2.39002364161
77	78	1.89160007261
42	48	5.76420315445
5	76	5.88384784294
6	74	2.62462059162
10	25	11.6490639811
67	72	1.41859866762
30	92	6.69783823611
13	60	3.89240298359
39	66	1.41704579398
0	31	7.58350937703
55	76	6.44556350855
95	97	2.59710641697
8	79	9.66430667566
29	77	6.08060221676
65	98	4.90121566121
32	85	5.18464047368
33	89	5.66769390026
14	37	3.50936718995
52	90	6.66063667552
71	76	4.47550036988
18	88	3.16288420397
1	48	4.97380721812
57	83	7.51703001835
58	67	9.66560654138
21	61	1.88125183979
4	27	3.14325597786
80	92	5.87813321948
43	96	6.06833871541
26	40	3.92853905997
46	47	5.51894780263
12	75	6.48620135382
69	87	8.58653084902
82	86	3.70748554846
36	65	2.25507675639
37	93	3.24061753262
2	81	7.25182273984
55	63	4.79718216019
5	36	2.81347807544
61	71	8.07112829439
26	91	0.476600615933
9	33	4.21241189077
54	56	7.72267807603
80	86	6.55060912014
81	89	10.9545439491
30	52	1.90265475495
88	91	2.9801357895
51	81	2.95318838386
34	43	0.636870712224
17	33	2.57669612316
37	46	7.68636315558
42	59	7.09658306125
25	97	6.78743403582
6	77	8.35069949633
49	91	2.78381557637
30	71	4.31974779909
13	53	8.12345037821
54	91	3.55236909774
0	22	3.96540810517
92	95	6.19370476661
55	69	6.07573195426
3	99	6.96477837781
54	76	5.4155721751
73	86	3.60674301155
27	88	7.7716434685
50	58	6.11218961761
33	82	2.62467181483
14	44	6.482247047
18	83	8.24948360502
1	9	9.13535582568
57	84	2.86338230301
58	74	4.31095708814
21	70	10.0419862494
44	65	4.33330650669
80	83	7.71685059146
43	89	4.81996330588
26	51	6.12592276827
46	54	8.67894391932
12	66	4.98123246301
25	35	4.61958424691
72	98	10.2628486354
36	72	5.07330565974
37	70	2.70041238673
2	40	5.12283305867
58	61	5.24503990011
46	94	9.22523406548
22	47	3.01937993126
5	45	7.62622370953
61	64	4.59063118058
62	86	6.47101438898
9	42	8.38814671603
30	63	5.58268351783
51	86	5.10993852128
52	72	7.22754511825
15	68	6.18445461174
37	67	1.30677992785
77	94	4.1812629795
6	68	5.99856295894
10	11	5.00159918893
49	92	1.58161114314
30	78	3.91983234794
13	46	8.52578643233
18	59	8.73405584305
55	66	3.09711971244
17	97	5.6772746753
25	27	6.42998349751
64	74	3.5467693468
28	96	4.03492519661
11	24	7.47406657144
32	99	7.80077150865
14	55	5.89278982274
18	74	5.02474486617
1	2	8.13664416496
57	93	0.407247805026
58	85	6.83203669849
21	79	4.56542468444
4	9	3.97870479589
43	94	2.90994441341
26	58	6.26424511286
46	57	4.50951117092
27	85	6.63034590023
19	25	5.20628045672
2	35	3.7771320776
17	68	6.72979646317
22	38	7.6746430514
5	22	6.24492616043
61	89	9.39764783263
62	89	11.0657695782
9	83	7.73407962975
40	43	7.13806261158
30	38	6.92993518828
51	95	3.86335108439
34	61	4.14615403722
15	77	6.75378625253
70	77	7.43021165338
42	45	3.54426306771
23	29	8.45052921104
6	63	9.10986244181
10	50	7.65806566975
49	85	2.79660266331
50	93	5.64208738713
13	39	7.31355979826
18	50	5.19216502796
74	87	5.98517904739
55	91	4.36194925621
38	49	5.13656333858
3	81	6.54678916068
4	97	2.7825463157
25	28	4.25386956539
64	65	4.67528569046
11	17	5.34611151408
14	62	5.15039492379
64	80	5.9083379729
53	97	1.77359285886
18	69	5.92327866107
1	27	3.04322617724
58	92	9.99332185374
21	72	9.97968600057
22	78	5.58788684276
77	97	8.17713564942
43	87	8.00459604506
44	95	5.46509394949
29	87	10.479195963
46	64	4.19944704327
29	80	7.55090008493
45	57	2.35326844179
68	85	6.92544335828
51	55	10.242354142
15	37	2.6834574741
19	30	3.03401317246
2	58	6.68045160132
22	57	4.40566087399
5	31	8.84617413657
61	82	6.92123436042
62	64	3.15540907456
9	84	4.95454401717
67	84	6.08245667005
30	41	4.35932353927
86	90	7.50240487428
34	52	1.80331613878
15	74	2.83351526806
0	76	3.77437163321
24	66	4.9247603429
23	26	4.17681779666
6	54	7.61256142903
29	50	3.6536872185
10	61	11.4902892895
49	78	2.47258708989
50	84	4.54693117472
13	32	8.91549958648
18	45	5.50228629518
74	94	7.5777773233
55	80	6.07915791142
38	40	3.88011215613
3	86	5.7518932668
43	63	2.48725396768
33	55	5.62233256619
65	78	1.05210892706
11	22	2.02169804393
25	82	7.32996858597
69	98	3.79509676806
1	28	6.49326486672
81	93	5.17902562337
21	81	6.74709593517
22	65	5.31479930377
31	65	8.74029962156
43	76	4.50608671449
44	86	3.08440338382
7	98	8.81806823503
47	71	5.54553726444
46	75	5.60080118372
54	58	7.06836357081
51	60	1.89401860877
15	34	6.04099311023
19	39	3.5777958616
2	53	5.22588842002
94	98	4.03365094602
22	48	4.93130556039
5	24	3.49607065269
62	75	5.15940330056
9	93	3.5197764495
10	85	8.03609852813
27	97	0.565387102483
86	93	6.19353812704
25	53	8.40660795747
34	79	6.59178591341
15	83	7.56544048071
0	67	5.69200953096
55	56	9.02805114218
76	99	5.28237015596
59	61	1.32661102105
24	73	5.11357804466
31	44	11.830572602
6	41	9.31479992759
10	36	6.15492150484
49	71	9.12390504751
50	79	6.85687249116
13	89	8.8270675795
35	52	1.36643476806
18	36	4.07669273699
74	89	7.86447065881
19	43	0.110051918397
40	73	5.33254257895
3	95	3.34931956795
4	87	6.06675678093
43	52	2.06778697745
8	18	1.43054299238
64	95	2.49217652338
65	71	7.99831985094
28	77	5.21803578002
11	15	3.60880970605
54	99	5.31528133249
1	21	7.53114095079
17	75	3.48067150689
21	90	8.39136536981
22	88	6.94599343086
43	69	1.28154134093
44	77	6.8549920491
7	91	3.76490584011
83	90	7.91033896914
40	60	6.94383513786
47	64	3.11779376855
68	91	5.73639625144
69	83	2.54460163722
16	97	1.50654232869
15	43	5.51184427509
19	44	4.67980110631
2	12	3.38493130146
24	33	4.16854548021
71	96	1.62584595395
9	70	3.05162165962
10	92	6.78712797852
27	59	6.59694344899
87	94	10.9140411442
31	56	6.08261024792
15	88	4.96526757386
0	90	6.5032934938
20	21	3.34751603213
3	55	4.75829541221
24	80	8.61300786214
23	40	0.32769188048
6	32	3.73357982789
50	97	5.78912603489
10	47	5.84145117656
93	96	3.84559603021
50	70	6.88574627025
13	82	6.350105591
14	96	3.2624328643
35	61	4.55091644963
18	31	3.14724247902
55	72	4.37816666693
75	82	3.46064286503
38	90	5.4104094736
3	68	6.49277225316
4	94	5.8321632324
42	96	1.96390365903
8	25	10.2912092304
29	70	9.10906892603
65	88	3.65325158448
28	68	3.59319773909
14	19	3.4439811723
89	93	6.50526333386
21	99	1.33259498606
22	83	3.87859511308
26	30	3.05653836941
7	80	5.91735519901
83	99	1.19554993472
46	85	8.47085230414
47	73	2.57465291455
12	29	8.87350558943
89	94	7.01479420485
47	99	3.89527174072
16	88	8.37268253802
15	48	2.39114569236
19	53	6.19266455359
2	7	2.97460292096
41	96	6.60543743342
24	40	9.71466101406
5	10	8.61312550628
9	79	8.56765321812
10	71	7.17912856166
47	62	5.5627653506
34	65	0.501643547132
35	85	3.92898463283
0	81	6.90079869899
20	28	0.339010654432
3	60	6.33712182731
44	99	2.37295756001
24	87	11.2290621348
23	33	5.7799680407
6	27	4.91437894189
28	44	3.63371844202
50	65	0.692899692631
13	75	3.97161880159
18	22	6.53834338249
74	75	3.76587281488
38	93	3.51878855712
3	77	5.69768057103
4	69	3.17821646003
31	80	2.88893282573
7	56	8.5411358275
65	81	8.31450826656
28	67	6.95336187451
11	61	7.88275934642
14	26	1.44098810228
53	69	5.80496840361
39	54	2.66883560195
44	56	8.09043372077
44	67	10.2554298287
7	73	7.27003017237
46	92	10.2167448469
47	86	2.62655841426
12	20	6.73937535445
68	73	1.88884461247
25	36	5.98852916075
16	95	3.76673789022
15	57	0.891402928258
56	70	5.27855773147
19	58	5.87760915372
2	30	3.36369897796
48	59	9.99062747909
24	47	4.6856569561
31	63	9.70692205172
10	78	7.67473625646
66	99	6.57864063314
78	93	5.81622060728
52	57	5.87784556792
34	88	3.83147118351
35	90	5.42939012008
0	40	6.47353682839
37	76	3.71000775756
20	27	3.26616491598
3	37	1.65954888027
59	64	4.58953629056
24	94	1.13752157262
23	62	6.00155078268
6	18	4.07555882652
82	99	6.06476079296
28	43	2.45939045261
17	29	5.79316557784
32	46	7.25723077615
13	68	5.89481365269
35	43	3.01887836775
38	84	6.05712765515
39	94	5.42197513657
4	76	1.20660313932
7	49	0.98714079379
63	84	6.8642997943
28	90	5.99001328033
11	50	6.04042307011
44	70	10.6363365303
14	29	4.93290280051
44	71	7.32628954207
53	78	6.92114510758
68	92	9.72157903826
39	47	4.82516074958
26	96	4.65438490037
7	70	5.9017633218
48	61	10.480328059
27	42	1.32144886044
12	19	5.6550723626
69	78	2.14067972559
16	86	6.6165277271
17	88	1.83298498229
56	77	8.93011624523
19	67	5.70597689496
2	25	7.44446497755
17	61	7.34861273968
41	82	6.25945977504
24	54	3.72536007961
42	98	4.86143989399
10	73	6.73135413732
34	83	3.29060059589
35	67	7.00169907958
0	47	1.39935176924
25	66	6.98859417567
20	34	2.48392574814
3	42	6.83238559878
59	89	8.12537052377
60	73	1.61240423272
23	55	8.07063975138
6	21	8.87245470949
82	90	6.7100751985
28	34	2.34330047689
49	99	7.20488496057
32	37	0.615304524146
52	82	3.85549848899
38	79	9.60156657307
39	87	7.37592152525
4	75	2.14259798114
57	81	5.05423814784
8	14	4.7014143338
7	46	9.88302122925
63	93	7.75827222684
28	81	5.56562740306
11	43	5.87058875156
16	62	2.28922502303
90	93	2.44065632772
39	97	8.46059165284
36	49	2.94759385694
2	97	5.29531349382
44	49	7.7630521547
9	17	1.77597311361
48	52	7.05096557534
51	97	2.16451623331
16	77	9.34768966375
17	81	7.61952253821
56	84	2.31390379416
19	72	6.15324036285
2	16	6.18554592932
41	91	6.39627344554
24	61	1.54460650362
9	98	8.9090223838
67	93	4.19095555589
87	98	11.6753634145
35	72	6.84214915195
0	38	6.87993187828
20	41	3.55803530974
3	19	4.62423491223
59	94	1.30125942103
60	64	0.591135045916
23	76	2.9115295236
6	12	5.23523871343
82	85	2.17805862028
45	95	3.03438762499
28	57	5.3175585662
32	60	7.26786306661
38	70	1.1833287172
21	22	4.25336059027
4	50	3.57956773954
8	53	7.10444942929
7	39	0.846881748555
63	90	9.68905038889
48	92	8.03090402026
11	32	5.41328837436
25	91	7.47940360041
16	53	1.19640682305
72	82	4.26406106518
53	80	3.35998642011
36	56	5.38067381234
1	74	3.97285413248
81	86	7.22037754979
41	51	4.97561988636
31	78	7.94104427146
9	26	2.17006254853
78	82	1.80295280752
54	61	5.24113595443
16	68	2.6989591406
15	20	4.98093478867
56	91	4.78610165325
19	81	7.63202686861
20	65	2.98341845466
41	92	8.71505223618
42	82	7.6658334596
81	91	6.48630150656
66	76	5.94282117861
13	30	4.8424837715
25	62	7.04153283605
0	61	4.79278222315
20	48	6.08576115477
3	24	7.81830175457
59	87	11.4760028639
60	95	2.99195523848
23	69	7.2878890611
6	7	7.33785032041
45	88	7.1455924769
28	48	6.42240272391
54	69	2.31732910197
32	51	8.00675462262
14	71	4.88012717017
70	96	6.25054872102
54	78	0.44634261638
21	31	11.2236395195
4	57	2.86762495553
8	60	8.38158360747
7	28	5.96231666141
63	67	6.85867047766
48	83	8.48881749347
11	89	8.65140324366
50	63	2.31740258153
16	44	7.69502885843
72	89	4.58069472114
53	89	8.80827208753
36	39	3.93801264389
1	67	10.0186374515
17	76	3.33828466842
41	52	2.75036285965
78	83	4.57610084815
64	68	1.79901059555
12	56	7.35391289253
15	29	7.39555288002
56	98	7.15530242387
19	86	1.60710137136
20	72	6.64727120287
76	93	1.4418048019
41	69	3.0708171035
42	93	5.77019101394
5	87	8.80073848511
10	98	10.5300896844
66	71	9.54158934642
27	48	4.80430942725
30	97	2.48549703877
13	23	10.1386700197
52	67	7.11672116094
0	52	1.55330130462
20	63	4.86402231554
60	86	3.25914687905
23	66	8.43720173265
8	84	6.05484090089
45	81	2.71219876279
84	92	7.02421833654
32	74	4.59000242057
14	78	4.04501247501
70	91	3.91105139018
1	43	8.67212326829
21	24	2.56249196559
4	32	3.72769694042
8	35	6.70189719544
7	21	8.43239034715
63	72	7.72645275797
48	74	2.68022670787
11	94	7.86821538793
33	45	4.40295723968
16	35	4.29450719712
42	53	3.26305044251
36	46	6.42693935051
1	68	3.33162516435
2	74	4.24801788968
41	61	0.908606347061
78	90	7.75921724526
26	68	5.75726869547
40	80	1.6939597966
12	55	2.81575612966
92	99	8.78439950042
15	26	2.13711345717
19	95	3.07112553629
20	87	8.0848252556
76	84	1.30983799977
41	78	4.81246033155
42	68	0.838934516562
5	80	6.90856677408
29	58	3.53040152285
66	94	4.01554355605
49	62	9.25960575916
54	73	5.37338136901
13	16	8.12772325146
0	11	5.04413626814
55	96	9.15494786087
3	6	2.78084655571
23	91	4.62321250832
8	91	3.32647098121
45	74	0.814690987599
84	91	2.90855480023
42	75	4.65835460749
32	65	5.66701731839
13	97	6.62672177414
14	81	4.95797312197
70	82	5.09846308661
53	58	4.35270912965
1	44	8.63705881858
57	63	8.16176709492
21	33	4.39492615717
4	47	1.24366354975
31	89	6.65189371405
8	42	9.48800170065
7	18	3.6801661964
48	65	8.1424064792
11	87	6.68259582422
12	95	5.78287176336
91	93	2.72811169697
33	38	6.45778492363
16	26	5.1936865335
73	95	1.70566305001
36	85	2.19007411587
1	93	5.86112895366
2	69	3.28968274015
88	96	7.73114748783
53	81	2.39074389629
79	81	2.3776935111
26	79	6.40014889007
9	13	8.5628923935
48	98	9.16869409478
12	46	8.9346463136
91	99	5.53566843596
25	45	8.48789175149
15	99	7.13403426292
37	50	4.6795724963
20	94	4.03952663126
76	83	5.82089886515
77	91	4.3236427833
24	25	2.11401770254
5	89	4.41587761504
6	89	7.67813039527
42	52	4.99907133341
45	50	6.34037916823
10	20	7.06487774853
66	89	3.00400087531
49	55	1.82112693251
30	83	3.31342686967
31	99	10.1006254342
0	2	2.3141572633
3	15	1.10948832533
23	80	1.99786758745
8	66	4.31853857163
63	77	1.73046209923
45	67	6.60303740768
28	29	2.09058425049
27	76	3.34266379371
85	92	4.18066598307
32	88	3.23571509742
33	78	2.5114329224
14	88	4.48827733513
70	85	7.18034623325
71	89	10.8775619594
1	37	8.92754300116
57	64	5.53571498406
38	98	11.055038571
21	42	4.97838042743
4	22	2.43893920723
26	39	4.49408557969
7	11	7.96350329789
40	52	6.98905569012
11	76	2.11286587771
12	86	7.17214220556
33	63	4.28381380052
16	17	6.54188032951
72	78	6.05676209134
36	92	4.51730810976
1	86	8.14382415599
2	92	3.40239428731
41	47	4.84949980811
22	27	0.93112347194
5	49	3.08509953562
79	94	7.50687971349
26	86	4.40924959735
9	54	4.5261151842
27	35	2.79229627353
12	37	1.36828483418
51	66	8.39056820697
17	54	2.93388388358
37	59	8.24374238167
77	84	6.73311412417
24	96	7.25288322843
5	66	1.42992888765
6	80	1.4279532127
10	31	1.39722798951
66	80	6.55941509065
30	90	4.77041669223
39	67	4.31074645699
0	25	5.1344246254
39	59	6.57992555739
60	99	1.02190922367
8	73	7.23742227938
29	78	4.35763173663
32	95	4.28880325545
33	71	5.72991716131
14	35	2.57181547995
52	89	6.78250588615
71	86	6.84442477526
18	94	8.04335217008
1	62	2.12486271868
57	73	4.51978663684
21	51	3.88098886727
4	29	4.52709371779
26	46	5.92184427628
11	69	5.30336007184
12	77	5.2072155744
33	48	5.76697626352
36	91	1.57310427102
37	83	7.83185622117
2	87	5.48048884791
5	58	7.26582890424
61	77	6.70113276185
26	81	6.31604959721
9	63	5.77847145932
50	55	4.75817852615
30	50	3.30947515922
51	75	4.01589511272
17	47	2.35060298057
0	97	4.7806881889
91	95	2.2128751206
42	49	8.83177211299
5	75	3.55780883382
6	75	5.84047945723
42	54	7.92761093872
67	75	6.47181093055
30	93	3.93776140893
13	59	0.82153079861
0	16	6.0859510478
31	53	5.95607848536
74	96	1.65822082408
42	92	10.3200873823
93	98	8.1142009419
65	97	6.20062470271
32	86	6.21195059038
33	88	4.01105427349
14	42	4.79114749316
70	71	7.68208834978
71	79	1.81461427164
18	89	3.74189272483
1	55	11.6979002226
57	82	4.89479215766
58	64	1.65831300563
21	60	2.35057688464
80	93	0.608841070831
43	99	4.31034562787
26	41	6.77318230532
12	68	9.20131638122
25	92	9.73995386696
36	66	3.09979443231
37	92	3.01011132827
2	46	6.90935950999
39	65	3.6443388104
5	35	4.43526821994
61	70	11.031513724
26	88	3.25838744409
9	32	0.964556351755
40	96	4.15760983722
39	76	6.35880605014
30	53	3.46298600885
31	55	6.44713754273
51	80	6.6802515143
34	40	7.59914839691
17	32	2.28612331029
37	45	5.52610246898
68	78	6.86098095704
42	56	3.2692704775
25	96	7.36662819182
6	66	7.8838199318
62	63	9.62249992489
49	90	7.53607713746
30	68	3.05622732533
13	52	3.10827493992
0	23	6.64951567138
55	68	9.96930496817
17	98	7.20950098329
3	98	8.26677772258
40	69	7.14206336339
50	59	3.62895802636
33	81	5.97848904269
14	45	2.77117660279
90	98	8.47642124378
18	80	2.70051277687
1	8	10.2049779962
57	91	3.134512181
58	75	3.8898763691
21	69	3.42195985017
80	84	3.27240209445
43	88	3.25452409643
26	48	4.25549897942
46	55	10.4562773241
27	82	6.41244053225
12	67	0.212186619719
68	96	2.04009814525
72	99	8.99760599564
36	73	3.42636721632
37	69	5.46086206562
2	41	6.35728137923
17	69	3.5524265793
22	44	5.24202553994
5	44	5.16416178719
61	95	5.96717826681
62	87	9.69113325007
9	41	8.38913597006
40	42	6.10376713054
30	60	2.21293395267
51	89	10.3061045373
34	35	2.9726814176
15	71	5.99648102536
70	76	3.76369287145
6	69	6.85145747559
96	97	0.583735698245
49	83	6.83688555465
30	79	3.74210631465
13	45	8.16410178487
52	74	4.57950333564
54	65	0.978333631114
18	56	6.10578987272
55	93	6.34344266634
38	63	8.70637773781
17	24	6.03253502624
25	26	7.85128243905
17	31	5.41406196023
28	97	3.49712179538
11	27	1.79155273205
14	52	3.36908112486
18	75	5.57982046078
57	92	6.48938448336
58	82	7.24872887266
21	78	5.43777938301
4	10	4.94914036125
43	81	7.73529075484
26	59	6.71776204025
29	88	6.78727998141
44	68	5.30714826462
46	62	2.05433217681
29	30	3.16762285013
63	99	6.09116301018
52	55	6.77551963845
19	24	3.41718508814
2	32	2.40973600773
22	39	7.83935123575
5	21	5.44126765004
61	88	7.95546530565
62	94	8.30781405018
9	82	2.3663472624
49	63	3.68959549758
30	39	6.19194512757
51	94	6.82446612671
34	58	5.76504972229
15	76	1.91015232594
72	80	2.63317112212
23	28	6.48457283971
6	60	6.72119483415
93	95	3.17240121328
29	51	3.96187690649
10	51	8.32730793189
49	84	5.62788935361
50	90	7.42158097335
13	38	11.0949234608
18	51	8.43287220138
60	80	6.47792794863
55	90	8.77794457899
38	54	7.41164621571
3	80	1.36026537075
4	98	5.62344553928
43	57	5.90309372233
64	66	6.59817801409
49	89	1.85839988293
11	16	1.19856193325
33	87	7.17009453888
25	83	2.03398246044
14	63	5.96753401089
53	96	1.33361086721
18	66	4.96159395629
1	26	7.16442234841
81	94	9.21637924917
58	93	6.39822827616
21	87	11.4285323367
22	79	2.171815228
31	70	1.19797113606
43	86	1.61161818737
44	88	7.91651282209
46	65	8.19000769645
11	97	1.23624942025
68	86	5.12465031178
51	54	7.25517178544
15	36	4.08359035845
19	33	1.68820547543
2	59	6.08473341328
22	62	2.54844516785
5	30	4.60919941614
61	81	8.57966069857
62	65	7.74551029765
9	91	2.26862391389
30	46	4.47271638308
86	91	3.98778691568
25	54	5.74653249666
34	53	6.56055405105
15	85	6.06421066757
0	77	3.50750825275
79	84	3.65230334725
24	67	9.12289112808
31	45	5.64641954383
6	55	7.50448554295
10	58	8.69792970531
49	77	2.21105905739
50	85	0.744324404162
13	95	5.51855980944
18	42	8.41398268065
74	95	2.2301987599
55	83	8.61084227707
38	41	10.8202848718
3	89	4.92397476541
43	62	7.28184902169
64	89	8.64954541599
65	77	2.63122374758
27	69	4.80765204622
54	80	6.40497411565
75	87	7.97538458046
1	19	8.56875299013
21	80	8.42005106469
22	70	6.67742264909
78	99	5.1702086337
43	79	6.68951049031
44	87	11.9953468953
7	93	6.08110171295
83	84	4.81565887232
40	59	9.92626008556
68	93	5.59306874537
51	63	8.33591014573
15	45	3.12808333046
19	38	7.0970086381
2	50	2.59113853813
94	99	4.21107276553
22	49	6.73936109684
5	7	3.4007902836
62	72	9.08638765814
9	92	2.67422767573
10	82	6.05472326288
27	56	2.44642595213
34	76	4.90451690613
15	82	4.24561354566
0	68	5.23620784406
55	59	8.18975626247
3	49	3.71384602598
59	60	4.22995693038
24	74	7.29736509565
6	46	4.39472646908
78	94	3.18430353988
10	37	3.84399599943
49	70	5.26579272682
50	76	4.65625848672
13	88	7.38099259924
35	55	7.24169658641
18	37	0.539028608145
75	92	6.21084931642
40	74	2.8234605902
3	94	7.58908970305
4	80	3.02667153886
43	55	4.83774141322
8	19	5.11091245048
29	71	6.1330638667
65	70	7.57723013898
28	78	3.32682228622
11	14	2.69721321599
54	96	7.17945512793
1	20	6.28970648216
21	89	9.47046292985
22	89	8.56497247531
29	39	7.04727592833
43	68	6.01642170324
44	78	5.35461287352
7	90	8.46505891521
83	93	7.23958324049
46	83	6.75622622295
47	67	5.21081045379
89	95	6.52260039345
69	82	3.23828428256
16	98	6.64757373708
15	42	6.3961974392
84	85	5.2439277799
19	47	2.06779951063
2	13	6.55073234253
24	34	2.7373805836
61	99	3.10063421172
9	69	5.31876341057
10	93	2.41611536052
47	48	5.27096752949
87	89	6.36095695728
34	71	7.50139792987
15	91	2.61292845012
0	91	2.48405759621
20	22	2.33767637568
3	54	5.23196108061
44	98	1.34135115771
24	81	8.57813057356
23	43	7.33343618874
6	33	5.33230714519
10	44	11.028115989
50	71	7.62766311433
13	81	8.38480971035
14	97	3.06797945922
35	60	1.6876721958
18	28	6.05066416319
75	85	3.03917581238
38	91	4.42858441125
3	71	6.62541786993
4	95	0.633958992131
31	81	8.24697458597
43	44	4.67107923509
8	26	3.26433956136
64	87	9.07171685243
65	95	3.87354083729
28	69	1.36604976252
14	16	3.88701931669
27	92	9.03216382575
88	92	1.39148300205
21	98	0.406521100232
22	80	4.87082294917
79	97	2.10896633703
26	31	4.66427320988
7	83	7.56074839199
83	98	1.25746655605
46	90	2.88281240788
47	72	5.16999281888
12	30	6.50355510691
25	37	9.61270583146
16	89	9.84990908142
15	51	6.65622587826
56	64	4.2105808809
19	52	2.01246392882
2	4	2.51464560057
46	96	1.50621721375
24	41	1.39271119484
5	9	5.00113310231
9	78	4.16909538914
10	68	7.82184335707
47	57	3.92798827613
34	94	2.30503451001
35	84	2.2707142821
0	82	2.30715307439
37	77	4.7666970384
20	29	2.41470170546
3	63	6.68066371946
59	74	7.48157659641
24	88	6.47814788184
23	32	4.29102869746
6	24	9.43165620555
28	45	4.64607847319
32	40	3.97088167437
13	74	7.48137457414
35	37	5.69768312042
18	23	4.62341217471
38	82	5.23993677211
3	76	2.19186159675
4	70	4.66484743314
7	59	7.09225783157
65	80	6.54372670448
28	92	6.6785127767
11	60	3.94548601657
56	74	1.36953703564
14	27	3.47163670774
53	68	3.36735077436
25	65	4.79523877528
39	49	1.47426069591
44	60	3.39042065388
7	72	4.6743862755
46	93	4.65487770118
27	43	5.71404544484
12	21	9.94223292385
68	74	3.43546830695
75	97	3.59516194266
16	80	4.55612892213
15	56	3.69757171394
56	71	2.44815697597
19	61	4.79182812813
2	31	5.46797969274
17	62	7.71480937087
24	48	9.78741671715
48	96	3.85037635327
40	85	7.79299978257
10	79	8.25481252763
66	96	8.05188450261
29	95	3.90910456551
34	89	5.3528099192
35	93	4.662617061
0	41	4.04842178365
20	36	2.05333992287
3	36	3.36134270363
59	67	9.37920691795
24	95	5.19462092038
23	57	1.49438966633
6	19	6.73380510962
82	96	6.42801150966
28	36	2.20234849432
32	47	3.93231416821
13	67	9.90187966744
52	81	6.24840595934
35	42	3.77196785081
38	85	7.40541226754
39	89	1.64853675148
4	77	5.62739978094
7	48	8.04431654138
63	87	9.62863820474
28	91	3.40671735385
11	53	0.583997911288
16	56	1.02443180682
53	77	8.54574181026
39	46	10.1980644354
22	98	4.3127107705
26	97	4.49943051317
7	65	4.05641030768
48	62	5.78407408967
47	94	4.665908007
45	51	4.12493971146
69	77	3.99300050848
16	87	7.54472115852
17	95	3.18954112662
56	78	7.30588826948
19	66	2.36825640469
2	22	4.84422046891
94	95	5.37670662072
41	81	7.74286514798
24	55	7.9428336866
34	80	6.26511963607
35	66	5.26607402631
0	32	4.68080941883
56	61	8.75112543316
20	35	0.502521250196
3	45	3.88898164977
59	88	6.73072153366
60	74	4.13727684627
23	54	8.13680760158
6	10	1.90869270237
82	91	1.83737151815
28	35	0.668104395906
49	98	8.08794391125
32	38	2.23344352097
38	76	4.74828892373
39	86	5.07872451638
4	52	3.01307508056
8	15	3.91038029615
7	41	7.83897243724
63	92	4.66721973312
28	82	3.93341059498
11	42	2.86718766619
25	84	6.84698578839
16	63	9.40267917389
53	86	6.26618636393
36	50	1.59533655141
81	87	8.69824979405
31	79	9.51360296562
44	50	4.72513749377
9	16	7.17079367995
47	77	4.52712354811
48	53	2.51706331756
54	60	5.53136427923
51	96	2.56457037307
16	78	7.62225672803
17	80	3.66683705795
56	85	7.53569662201
19	75	2.03703868936
2	17	0.391183163908
41	90	9.02912635675
24	62	7.53921672351
9	97	6.63193502682
31	42	9.14727904277
67	96	7.76024034382
25	63	5.78837125278
35	75	0.893930617339
0	39	4.12171027693
31	33	7.03172176137
20	42	4.27253179127
3	18	1.6233759864
59	81	8.68615754919
42	72	8.84175438826
23	79	6.40269437292
6	13	9.77727206775
31	60	9.35635435548
28	58	3.49771810556
52	63	4.13545568611
32	61	9.46068475575
38	71	8.82947254963
39	79	9.92893047787
4	51	4.31773383537
8	54	5.00853504561
7	38	5.59842324115
63	69	3.35738122968
48	93	1.99305948878
11	35	3.49660878249
16	54	8.01530436971
72	83	9.16969129906
53	95	3.13440968824
36	57	4.44642268801
1	73	4.54326891283
17	77	3.34429711959
41	50	4.1847225466
33	79	5.16630183525
9	25	9.47555427331
16	69	6.23013002462
15	23	2.2433922976
56	92	8.79447616728
19	80	5.64590878914
20	66	4.76754832369
41	67	9.7404072906
42	83	4.96252109056
66	77	0.51595470925
27	49	7.5651811999
13	29	1.80461648501
34	98	4.54357505385
0	62	6.47852325884
20	49	4.98809551089
3	27	5.52664372758
59	86	2.31027967365
60	88	7.28018415157
23	68	6.06115579778
45	87	6.06820295736
28	49	5.0973965951
47	50	2.34055097375
32	52	5.96259923468
14	68	4.32897190549
70	97	6.4197363203
53	55	8.67627796736
21	30	3.98184525519
4	58	4.47076729351
8	61	9.89983436054
7	31	6.77593146478
63	66	1.77414147441
48	84	3.67315862669
11	88	7.17792721866
33	43	1.79665708075
16	45	1.51840153881
72	90	5.37622118363
53	88	7.3910812001
54	94	2.93189099224
1	66	10.6905179496
41	59	1.30425963489
78	80	5.9622941565
12	57	4.61575870534
52	96	4.73738531366
15	28	5.30876622513
56	99	5.77579493874
19	89	4.83954052543
20	73	1.75758303261
76	94	7.02692633711
41	68	5.24207773537
42	90	4.75618310854
5	86	2.52353525918
29	59	2.10502311526
10	99	9.13985915241
66	68	8.25032721582
54	72	6.43605235031
13	22	5.62296627036
0	53	5.48674149507
20	56	4.70880933349
60	87	9.62744171078
23	93	1.90130079042
8	85	5.073576818
45	80	3.03784715884
31	36	6.67286921923
32	75	5.23314797656
25	75	4.63975020531
14	79	4.96445922161
70	88	5.3552777964
1	42	2.56244348562
21	39	8.12204411257
4	33	1.70098227259
31	94	10.8753554365
8	36	4.41816249766
7	20	5.87978235364
63	75	4.49736808003
48	75	6.19090397536
11	81	2.34054666345
33	44	4.83807851907
16	36	5.73853253177
73	85	5.14684008587
36	47	0.913607823065
1	91	7.35859558176
2	75	3.13150213899
41	60	3.25291115989
78	91	3.10841367374
26	69	3.81928793518
9	11	5.99579192222
52	61	3.6002383812
12	48	5.96601773267
25	46	8.56712614971
17	59	6.28779445013
19	94	2.98439569093
20	80	5.13826757565
76	85	5.25967093254
41	77	6.32330958066
42	69	5.75282018684
5	95	4.65497269482
45	56	0.622503631422
66	95	5.08846468456
49	61	7.81619395677
13	15	8.90091701795
0	12	5.66800194827
55	99	9.01956028929
3	9	1.92789634579
23	90	1.33310320908
8	92	2.10336254884
45	73	3.10353111168
27	77	8.35030328922
32	66	4.94016149528
13	96	7.21015558308
14	86	4.02740083311
70	83	9.29030187111
53	57	2.6747176572
1	35	5.82783992232
57	62	5.93699773502
21	32	8.73892581948
4	40	3.98513305539
8	43	5.14450363459
7	13	7.78710759413
40	51	6.67129759172
11	86	5.74588132879
12	88	3.03382274138
33	37	4.2831603589
16	27	1.82847033336
73	94	5.64067420135
36	86	2.42947798481
1	92	11.4577728512
2	66	3.05906802391
5	55	4.49565886792
79	80	6.70864681852
26	76	1.91909302269
9	12	1.36397294536
51	67	9.50528892451
27	32	6.66459813302
12	47	5.23833850632
38	48	4.42952758305
15	98	8.50186508113
37	49	2.57533864056
20	95	1.51990996368
77	90	9.18925019938
24	26	6.4743075319
5	88	3.16705646816
6	94	9.48847583384
45	49	6.95356386258
10	21	10.330555389
66	86	3.74791146364
49	54	2.69267952346
30	80	4.4398310428
31	98	11.4567157126
39	64	7.68925214501
0	3	4.2694510043
3	14	2.29808421802
23	83	8.57989732918
8	67	0.840190056187
29	79	4.65727498634
45	66	7.84436803856
28	30	1.21975530728
84	99	4.1263160218
85	91	3.45194095706
32	89	3.98939134927
33	77	4.32934765179
14	89	6.00137343524
52	88	5.15239709848
71	88	9.32855463146
1	36	7.59123632184
57	71	5.25548858015
38	99	9.75383627004
21	41	1.22745128416
4	23	4.11554934071
80	96	4.44941300735
26	36	2.01974402448
7	10	7.05942873119
11	79	3.25558508703
12	87	3.33921960537
33	62	5.65724039659
16	18	6.98194028734
72	79	9.11939580512
36	93	4.05826627403
1	85	9.58097376364
2	93	3.47685773481
41	46	7.89702839969
22	24	5.66605509594
5	48	8.67033175633
31	38	1.25327813576
26	87	4.77332101565
9	53	6.04300085528
12	38	2.3993495339
51	69	4.99389668098
17	53	5.56043760261
37	58	8.36897769603
77	83	6.29098721188
24	97	6.67829458051
5	65	1.0169193264
6	81	4.97587108942
33	47	0.518232747096
10	28	7.39663301121
66	81	9.76282285264
67	69	6.66959087678
30	91	2.89146214482
0	26	2.92584087345
40	97	4.50768370856
8	74	6.2554576334
32	80	2.33190403489
33	70	5.83379082083
14	32	3.30472668072
51	91	6.07393750255
71	81	0.56380256473
18	95	4.69322349998
1	61	9.38650004161
57	72	3.35002002634
58	70	8.80782357731
21	50	4.74211586163
4	30	1.43578578472
26	47	1.95004274547
11	68	2.87058996941
12	78	5.31866236596
89	96	9.26361806239
25	93	9.2585787311
27	66	7.84236587016
36	68	5.31165424423
37	82	2.62272627171
2	84	3.64684130715
5	57	7.16048063977
61	76	7.73884132808
26	94	6.25585658084
9	62	8.72783619
78	84	5.03272009622
30	51	3.29819301552
54	55	4.21747387262
51	74	3.93663469558
34	46	7.70639253852
17	46	7.26737899809
0	98	4.70524970727
42	62	0.525357506617
5	74	6.81174158353
6	72	3.80060010844
67	74	6.13545281246
30	66	5.25926197796
13	58	5.15302356256
0	17	2.57539104259
55	78	4.11091872472
17	99	6.13806078678
55	82	2.99823726934
23	97	4.42684137108
65	96	6.68398658231
40	68	6.15249223018
32	87	3.10683079616
33	95	1.38510326819
14	43	3.55253112994
71	78	8.2344084638
18	86	6.48641845847
1	54	9.79556502945
37	96	6.57080975465
58	65	6.25515548941
21	59	2.51317371774
4	5	4.85468015092
80	94	8.52886241005
43	98	5.0356497938
26	54	4.02468677419
67	82	3.62219557764
27	83	4.57966863475
12	69	6.64466742344
36	67	4.86704220854
37	91	2.27711297199
2	47	1.96994375484
17	70	4.29302078659
22	42	2.095255818
5	34	1.50079670377
61	69	3.82281360819
26	89	4.65981983854
9	39	3.61503205848
40	41	9.57962872697
30	58	3.31676888758
88	93	5.34840561079
51	83	3.91384890104
34	41	3.54509980119
17	39	3.03465828698
37	44	9.03105752035
42	57	5.77568713494
6	67	5.04633601464
10	14	4.54741381225
27	54	6.85334663318
30	69	2.37651654284
13	51	5.63552399295
52	73	2.6356110978
18	62	8.71177880901
55	71	10.7721108846
17	25	7.70788169782
67	89	3.22387886894
50	56	6.85111156896
33	80	4.44464706475
14	50	3.70393103652
90	99	7.07151692791
18	81	8.16974239286
1	15	6.51884630758
57	90	2.11968728628
58	72	9.22174416438
21	68	4.2053015989
4	12	5.27275732998
80	85	6.30742892778
43	91	2.92863705299
26	49	3.07183088381
29	89	8.3762815645
48	58	6.84356937895
46	52	6.21248045525
68	97	1.64944744908
52	54	3.13107128684
36	74	4.02573570414
37	68	7.83787740555
2	38	4.63939904699
58	59	5.61864876431
22	45	2.72900541456
5	43	1.48252248408
61	94	2.61533345241
62	84	3.77582354313
9	40	4.88971251087
29	43	3.55739861505
30	61	5.26236705526
51	88	8.66142493736
40	94	9.78180980911
15	70	1.85495755285
29	86	1.96860346768
40	83	8.51978377004
6	58	6.91814126839
29	52	1.76344109254
49	82	1.18663165863
30	76	2.50934485448
13	44	0.902057279177
18	57	3.39656936777
55	92	0.247767754804
38	60	9.10443557797
64	76	3.91842116434
28	98	3.33585966249
11	26	3.99606044716
50	51	6.2875437697
25	76	7.84767119864
14	53	2.97135075913
18	72	1.11075815767
57	99	6.95380347602
58	83	3.46297392784
21	77	7.12000963986
4	11	2.58250475745
31	71	8.52594905116
43	80	5.74317816725
26	56	4.51548826986
46	63	10.0450401928
73	99	2.54068638644
19	27	5.61513702499
2	33	2.22201574649
59	99	3.35070570383
22	36	3.9031346605
5	20	3.93691352194
61	87	12.366456235
62	95	4.5527048317
9	81	8.33631377914
30	36	2.25628096258
25	55	9.9420023232
34	59	2.99395177039
15	79	6.71128074766
42	43	6.78369798473
23	31	3.53605717303
6	61	10.2152101891
10	48	2.38777161396
49	75	4.6312280365
50	91	3.03109720556
13	37	8.7228104674
42	77	9.48721383779
18	48	4.81076156347
74	85	6.1954445517
55	85	4.3757397755
38	55	5.21312093219
3	83	7.22507508561
4	99	4.2718147367
43	56	6.68368038304
64	67	8.19868998389
65	75	2.6186523646
11	19	5.76163851083
33	98	4.70425624033
14	60	4.04196046845
18	67	1.11094876496
1	25	9.12610376533
58	90	5.94353751828
21	86	3.0505422371
22	76	2.92706949472
43	73	4.23011702131
44	89	9.42549531473
64	75	2.2335697422
40	58	7.08951672604
11	96	0.904713487125
68	87	9.40331791476
51	57	6.15289884595
15	39	6.29066580111
19	32	4.86678198123
2	56	5.59981073693
22	63	7.19369379003
5	29	4.42029849025
61	80	9.56206662647
62	70	8.36675801202
9	90	5.96010532709
27	57	4.58653222277
30	47	1.42067637211
86	88	4.86503014705
34	50	0.646402784258
15	84	3.2125585495
0	78	1.62852528383
55	61	9.45324634883
24	68	6.18591158069
6	52	6.70971996298
31	40	3.2717682684
10	59	10.7563797757
49	76	4.97175852927
50	82	2.1534585515
13	94	2.12163499791
39	56	8.93599817852
31	39	7.57859058676
35	49	5.42762507983
18	43	5.14909783249
74	92	7.50048790234
42	74	3.56955651398
38	46	8.06743943369
3	88	3.85915919611
43	49	3.09489278348
29	72	8.97094574691
65	76	5.28194684829
96	99	4.44539018766
1	18	8.91758024696
21	95	4.76741874023
22	71	2.68375047846
78	96	6.79911366041
43	78	0.874548481088
44	80	9.10169899784
7	92	0.926227147623
83	87	10.6645437944
46	73	3.58525368657
47	69	2.04407352937
68	94	6.94404808364
51	62	1.58175969029
15	44	8.94246797621
19	41	4.14314654976
2	51	6.63718889981
94	96	7.76932261996
22	54	5.92641934615
5	6	8.10734315267
62	73	3.06189086007
9	67	1.35727159096
10	83	9.6395541345
40	93	1.65491669082
39	69	4.81328928837
34	77	3.04871219982
15	93	0.660717694211
0	69	0.977632160646
55	58	10.2393637753
59	63	3.87685624094
3	48	3.49442663164
44	97	6.21787324096
24	75	3.59763360732
23	45	2.45903802331
6	47	4.82269552077
10	34	8.10775113662
49	69	4.2930048161
50	77	2.60505807653
13	87	11.8424891019
35	54	4.16074186006
18	34	5.77943232481
75	95	1.59857520416
40	75	6.1207791322
3	65	5.49768894308
4	81	4.7579042472
31	86	9.07300385451
43	54	1.14418289305
8	20	6.36959531307
64	81	4.09739254144
65	69	1.49196425214
28	79	4.25408958211
54	85	0.2365308231
54	97	6.74032886369
21	88	7.88557014351
22	94	6.21956832798
43	71	7.45375873026
44	79	5.68074028391
7	85	3.28185056208
83	92	8.38772867307
46	80	5.21224707063
47	66	4.01209299686
12	96	7.88335415245
68	69	4.94898030498
25	38	11.9004985901
16	99	5.32982761307
15	53	3.44902766294
19	46	7.46636074568
2	10	5.17495128816
48	57	1.59192290275
24	35	3.98202213397
5	15	6.66327193546
61	98	2.1002907254
9	68	7.92711276157
10	90	3.45872065096
47	51	4.71859079699
87	88	6.13567195158
34	68	5.93542591207
15	90	3.010465491
0	92	4.99335284656
37	78	4.42243579834
20	23	6.1466448727
3	57	1.94047436207
77	98	7.52354253644
24	82	5.52524941827
23	42	5.97006606177
6	38	3.78644542821
10	45	4.33194967674
50	68	6.18476207942
13	80	9.0794583775
35	63	5.35376164514
18	29	8.04420637645
74	78	5.95457821435
75	84	2.68422955348
38	88	5.18229480658
3	70	2.12583992067
4	88	4.69338438375
43	47	2.17784271409
8	27	8.16673474582
7	61	8.35844808983
65	94	2.192255073
28	70	7.02019601863
31	51	9.53482485962
14	17	2.66210903597
21	97	5.19940278486
22	81	3.02846042665
79	96	2.36563538158
26	28	3.70808418598
7	82	2.13576021637
46	91	6.12448702699
27	40	5.0700905356
12	31	3.64135605952
68	76	4.33698414179
69	90	6.98852075407
16	90	2.45088149253
15	50	5.62600227639
71	84	3.50444734769
56	65	7.38544954379
19	55	4.85269336312
2	5	3.4385201847
17	63	4.33309836317
24	42	7.01989364877
5	8	5.43879851004
71	99	4.97691926972
9	77	4.4342481401
10	69	7.86635685209
47	56	4.5208252589
34	95	3.42852196408
35	87	8.19480906692
0	83	3.47262857968
20	30	0.900291868214
3	62	7.11195351358
59	77	5.38559336501
24	89	7.88022867231
23	35	6.00957374816
6	25	10.2961554437
28	46	5.51515125343
32	41	8.67541880854
13	73	5.11724504871
52	80	5.97119002098
35	36	2.48057422985
18	20	5.78979613509
75	77	4.86033543681
38	83	9.99740362185
3	79	7.08290517645
4	71	4.63567388993
7	58	9.356423243
65	87	8.75537549554
28	93	5.01638907035
11	63	8.35772680021
14	24	6.05863721626
53	67	6.91490570519
48	80	2.15328977764
39	48	8.63746329403
44	61	0.766989176063
7	75	5.51046638138
46	98	6.91391209792
47	80	3.92735551812
12	22	7.69876826622
68	75	3.89067171548
16	81	1.19572408972
15	59	8.64866570671
56	72	6.21768348241
19	60	4.36580043829
2	28	3.61895004091
24	49	6.34920303214
62	98	5.32863257811
10	76	3.85758993314
66	97	7.66426323264
67	91	3.58039977874
34	86	1.10633750196
35	92	6.99739490654
0	42	5.98686642642
20	37	5.4199033317
3	39	5.18769398717
59	66	5.16291097817
60	76	4.48868726748
23	56	2.72191893692
6	16	3.8467722776
82	97	6.12882806614
28	37	5.66564584089
13	66	5.8984896925
35	45	4.05305057866
38	74	5.718068126
39	88	1.33569470804
4	78	3.99189490197
8	9	1.10030663421
7	51	9.39773280071
63	86	3.25392793474
28	84	2.81790976914
11	52	4.8251877397
25	85	5.57151866265
16	57	3.8670479978
29	93	7.08146365761
36	52	2.25399245118
39	41	7.42795029548
22	99	2.92225834169
31	76	4.87504491251
44	52	3.21625573797
7	64	7.7042183165
48	63	9.68295755259
47	89	5.58780259159
12	13	9.86207803215
54	63	1.5003698556
69	76	4.37673701291
16	72	7.16984531568
17	94	5.57345079321
56	79	3.7237624358
19	69	1.24087069009
2	23	5.37814637472
41	80	8.68634493005
24	56	8.35974757108
69	81	6.90540018418
31	58	9.87103899163
25	56	8.6760106506
34	81	7.82248590728
35	69	2.01636222249
0	33	0.97109628784
56	62	3.279680898
20	44	3.96343376368
3	44	8.546907401
59	91	6.29055403446
60	75	2.45567945947
23	49	7.0448558174
6	11	3.14032946029
82	88	1.39056707328
28	60	2.01353261838
49	97	7.25877223239
32	39	4.55807263987
45	63	8.64953045754
38	77	7.34736282255
39	81	10.5010577405
4	53	2.9338708117
8	48	6.23974181582
7	40	7.61098198525
63	95	5.6672112997
28	83	2.27026213228
11	45	0.740709734898
16	48	3.50657131157
90	91	4.87469033601
53	85	7.15213516434
36	51	5.53205879786
54	67	5.72352912621
17	78	2.52819171875
27	93	4.53916581673
44	51	4.99460993727
9	23	5.20454314917
89	98	9.85437308407
48	54	8.18266636318
51	99	2.72073678712
16	79	2.83110143679
17	87	5.38950028537
56	86	6.62192291583
19	74	5.25137423244
20	68	3.50007369682
41	89	8.88336471732
24	63	3.67524096714
5	99	5.40540398523
9	96	6.73425367006
27	62	1.69759183087
52	65	2.29292440939
35	74	3.34080235865
0	56	5.86619372868
51	58	0.554928240853
20	43	2.51635792425
3	21	8.0044907767
59	80	8.84278641035
60	66	6.73355060998
23	78	7.69051414212
33	99	3.56700330016
82	83	5.77331477329
45	93	2.46736589628
28	59	3.58308452712
32	62	8.27536783376
14	66	5.07389350456
54	82	2.17199134142
74	98	6.48927323198
38	68	9.0674432885
39	78	2.69164227717
4	60	3.59799921063
8	55	2.22495544243
7	33	4.72640271338
63	68	8.30601630136
48	94	9.91722105538
11	34	6.09335355998
16	55	9.72810994052
72	84	5.49821513371
53	94	8.39577629793
36	58	5.49062399766
1	72	9.03490907751
41	49	7.22316831695
9	24	7.80388689079
16	70	6.28202686745
15	22	4.82346068085
56	93	3.03900433257
19	83	3.75852702604
20	67	6.71524086693
41	66	6.0270477628
42	80	6.37818971339
29	60	2.1302146817
66	74	7.04857067263
54	75	3.26982237334
13	28	3.66073005128
34	99	3.95076441667
0	63	3.31830728383
92	96	8.91120125022
20	50	2.68500250099
3	26	1.34457799023
60	89	8.93749544798
23	71	5.14513601583
45	86	6.21970293302
28	50	2.62100453683
84	87	6.47276282023
32	53	5.38490921699
25	68	5.8067140897
14	69	3.45800616348
53	54	7.33847554481
21	29	1.09889991542
4	59	5.94381153814
31	95	6.46788375494
8	62	9.82801193068
7	30	6.10678188848
29	41	1.22224584866
48	85	8.04949769767
11	91	4.20124928806
33	42	5.18461826331
16	46	0.728169499921
72	91	3.55940797835
73	83	3.39934654149
54	95	4.25270242988
1	65	9.25069102703
41	58	4.49094562979
78	81	8.48991556414
69	96	5.32568960879
31	43	7.97350962515
12	58	9.73707352291
25	47	5.91967230137
52	97	4.19483856874
15	31	2.97428646135
29	34	3.07347784591
19	88	3.25965664553
20	74	3.58027982428
76	95	1.77207675798
41	75	3.58365460462
42	91	6.26471976639
5	85	0.624199940696
45	62	3.63638959659
10	96	5.9021026863
66	69	3.55585616045
40	92	7.56019302672
13	21	1.86839254028
0	54	1.96359389292
40	81	5.01000719058
20	57	4.97974374332
29	67	8.87955726475
23	92	7.87255964472
8	86	6.66067552476
45	79	3.95747335366
27	74	2.3614994575
32	76	3.35606811547
14	76	0.95472960128
70	89	5.92487150157
53	63	8.7844774229
1	41	8.56989403943
21	38	10.7879698535
4	34	3.76014295925
8	37	1.27832119748
7	23	7.90929253779
63	74	7.83490581457
40	50	7.27235453966
11	80	3.55905015183
33	35	1.61938904054
16	37	6.97057759647
73	84	1.65666999705
36	40	5.68038794122
1	90	3.89055454246
2	72	3.69811693067
78	88	2.60115535842
26	66	4.26366971637
9	10	4.1977660748
27	33	4.02114011661
12	49	3.04653401008
17	58	7.06774619958
19	97	5.51183347646
20	81	5.3569936819
76	86	4.93400110171
41	76	6.84406348909
42	66	8.98776345819
5	94	2.60121850101
45	55	8.40601594383
66	92	2.94241294538
49	60	7.08197185167
13	14	6.47336788445
21	27	4.82764016639
0	13	4.240073709
55	98	9.86657601567
3	8	2.93055949418
27	81	2.12576964044
23	85	8.00961414537
8	93	4.49584451239
45	72	5.65345033974
32	67	1.54691076897
33	75	0.911676373558
14	87	5.62723058687
52	95	2.45915946143
53	56	0.385299490377
1	34	8.75814970174
57	61	9.42793196558
21	47	4.81033543839
4	41	5.67825743573
8	44	9.73746769464
7	12	3.29914697076
48	67	5.77559473356
11	73	2.44350490176
12	89	3.0217694856
33	36	0.861711491909
16	28	4.95576265119
72	73	6.99415963035
73	93	4.34170895924
36	87	6.75408399887
1	83	7.45709364384
2	67	3.3933693156
5	54	0.506710267226
79	83	4.61075715063
26	77	4.7416355628
9	51	8.29427587238
12	40	5.43688376002
17	51	7.02766066373
37	48	5.05457587712
20	88	5.18680048535
76	77	6.44696096821
77	89	2.94916863108
24	27	6.47787438674
5	71	8.92150440452
6	95	4.26036107853
45	48	2.27626284209
10	18	3.40662088651
66	87	7.97615078898
49	53	7.1968995074
30	81	4.60440772812
0	4	2.63997589969
31	46	7.66699465386
23	82	6.38871705184
8	68	9.02087280615
64	97	2.31965984754
45	65	6.89782435561
28	31	8.2102263708
31	37	3.67231632172
32	90	5.13081879708
33	76	2.87551195038
14	94	6.09758695455
42	76	4.64226649902
71	91	6.41023647843
1	59	9.55376605383
31	48	3.78468368933
38	96	7.363828758
21	40	9.11742350949
4	16	3.74231318481
80	97	4.59978212649
26	37	2.10543957089
60	68	2.03802286483
11	78	6.52794027316
12	80	3.90649355966
25	94	3.21588913413
16	19	6.81405111482
36	94	4.24101000078
1	84	4.51760982611
2	90	5.68681898222
41	45	7.61391417807
22	25	5.82294400475
5	63	1.02606333443
79	88	9.09194098999
26	84	2.8139226148
9	52	5.75956758762
47	75	1.30581811358
12	39	4.14161031716
51	68	0.524544369491
17	52	4.03906575459
37	57	3.56283853309
77	82	2.51895182963
24	98	2.93418000742
5	64	5.67333692677
6	86	7.41810558891
10	29	9.47588853511
39	75	5.4595374163
67	68	9.11162463657
30	88	5.36464357711
0	27	4.89083869165
40	98	9.26382139258
8	75	6.09146966017
84	93	2.69130441245
40	67	5.24398808962
85	99	5.08342097813
32	81	7.73772172979
33	69	1.52657727955
14	33	1.94031746628
71	80	5.92746372751
18	92	3.38508883571
1	60	5.33530898746
37	97	6.49649138608
58	71	2.95586352773
21	49	7.7139738307
4	31	5.83395302373
80	88	5.21842391823
26	44	7.24541563302
63	97	8.06801032686
11	71	2.40550310981
12	79	9.82675666563
33	54	2.88910316796
73	79	2.57387511925
36	69	1.8527472602
37	81	8.14554388274
2	85	2.87050739625
17	71	7.52560375303
5	56	8.14742296969
33	65	2.49491280346
26	95	2.31267530252
9	61	9.12347426755
30	48	5.22586987716
51	77	8.87393231331
34	47	2.5256537218
17	45	5.31908869719
0	99	3.79295282448
42	63	9.10946123689
5	73	5.67963526944
6	73	5.10879867881
27	55	9.27932861899
30	67	6.45206335271
13	57	8.97067273269
0	18	4.95428550308
55	73	8.08919035658
17	26	1.46047770189
23	96	4.04358158236
50	62	7.45305808551
33	94	4.15727129351
14	40	3.68511752834
71	73	3.26367498812
18	87	3.01645730215
1	53	3.10598063547
57	80	0.721051929899
58	78	6.82382573245
21	58	3.36604555956
4	6	3.70151639048
80	95	3.6545394988
26	55	4.53483232951
17	18	2.4702273826
46	50	7.74561693607
73	92	7.84161047598
12	70	3.04248944995
46	72	7.83865759685
52	53	5.36051175947
36	76	3.07394585274
37	90	5.67616239938
2	44	6.86737940467
22	43	4.78575740409
5	33	3.27553125297
61	68	6.05500250188
62	82	8.10220386966
9	38	2.93238811534
67	83	9.09120830678
30	59	4.80107080743
88	94	5.727349647
51	82	7.27163100639
34	38	7.78628945486
17	38	4.51617275331
37	43	4.64256474234
71	97	1.8841627559
69	97	4.8115631052
6	64	6.13070653293
29	53	6.33773893413
10	15	2.10833260805
49	88	0.206658310376
30	74	2.68324912981
13	50	4.21862189746
18	63	6.61676463278
55	70	5.72661576145
38	58	9.80779261023
60	96	3.42483118532
50	57	6.03428633609
25	77	7.24952531765
14	51	4.7145812382
90	96	2.90579383146
18	78	4.9535855702
1	14	5.83766002228
57	89	6.86426274431
58	73	2.26518358563
21	67	9.94223665574
4	13	6.10328846994
31	68	9.04216740683
43	90	7.26660246802
26	62	6.58797772299
46	53	1.87609382509
68	98	4.11960591958
36	75	1.71904449932
19	21	4.63291078723
2	39	3.33968912218
22	34	4.8176542645
5	42	8.20647171051
61	93	9.12458984072
62	85	8.19705953499
9	47	3.87589288855
30	34	3.23367627567
25	48	10.5197498832
52	75	0.870519875354
15	65	6.31177346998
46	70	6.89853747313
67	81	9.27790979059
31	35	7.97283191975
6	59	9.64483763405
10	54	8.10644284772
49	81	9.23771708115
30	77	5.76470370886
13	43	4.19338919936
18	54	5.32839446461
55	95	6.44140614681
38	61	11.6303901797
8	96	7.82878480652
64	77	7.07556011656
28	99	2.17021722335
11	29	5.75970492524
14	58	4.88799958425
18	73	6.35133256424
1	7	11.1112442934
57	98	8.35454565158
58	80	6.99632437133
21	76	6.48264034734
22	74	2.27952586716
43	83	3.77831683274
26	57	2.68375948721
40	57	1.24965544129
73	98	3.9548982347
19	26	3.30865671041
2	62	7.32738438634
22	37	6.33322944896
5	19	1.58912090264
61	86	3.26397471971
62	92	10.7297446265
9	80	3.21681707901
51	73	2.16433350242
27	38	8.03496818298
30	37	5.14540136507
34	56	6.93546620789
15	78	5.71712822493
0	72	5.97016449153
50	53	6.46942886037
75	96	4.0999785958
23	30	5.29877376221
6	50	6.97152938926
10	49	6.36269424145
49	74	6.22532269472
50	88	3.19150730921
13	36	5.12880276545
18	49	3.09294630066
74	82	5.21815321153
55	84	7.26911972389
38	52	8.07962626744
3	82	3.21553129524
81	88	9.44029431288
43	59	3.62972959381
29	73	3.32060599542
65	74	6.08583304813
11	18	5.8476099658
33	97	3.86362291103
14	61	6.94732629781
52	56	5.70721143913
18	64	7.18396324103
1	24	9.45462280954
58	91	6.17078234847
21	85	5.26245700524
22	77	7.43804231955
70	98	10.2816936982
43	72	6.21937310063
44	90	9.31752323233
97	99	3.8680769135
46	71	1.05047976918
11	99	4.93999812935
68	80	6.19972856807
51	56	3.99096243496
54	77	1.68341866175
15	38	2.8906988131
19	35	2.93038208407
2	57	3.88380665308
22	60	1.92384249052
5	28	3.82722186301
62	71	1.01362144018
9	89	3.04459752042
30	44	4.72342155208
86	89	6.42642495371
34	51	5.98842055931
15	87	3.26165894086
0	79	5.91533821426
55	60	8.90143634773
44	96	6.79936167696
24	69	2.66267270153
6	53	2.73456023972
10	56	4.73102667126
49	67	3.17591105625
50	83	3.87372472839
13	93	8.65729370898
35	48	5.92972040305
18	40	4.29932434905
74	93	2.20083196081
75	89	6.48429501565
38	47	5.99603244052
3	91	1.79337684947
31	87	0.524455789943
43	48	7.35376957142
64	91	4.64248848449
29	31	10.3001594023
54	84	5.43844983447
1	17	8.49867470274
58	98	3.22203473222
21	94	3.64768545423
22	68	1.51215463698
78	97	6.37416818607
43	65	0.800985517265
44	81	7.8406197385
7	95	5.68180678358
83	86	2.18679966937
46	78	8.2936974584
47	68	4.46283404488
68	95	3.54304618519
25	39	8.40092051337
15	47	3.7332571498
36	96	4.95223873557
19	40	7.0341121979
2	48	5.46163903723
94	97	7.21468435921
48	56	2.50545869675
22	55	8.48611674901
31	50	8.05088038417
62	78	8.10681585295
9	66	4.10703627039
10	80	1.92841827838
47	53	4.13738007422
53	87	6.38202132264
34	74	5.65254989225
15	92	5.64070343896
0	70	6.3929318144
37	79	8.46762226013
3	51	6.92089164406
59	62	7.61295045639
24	76	6.93586583458
23	44	9.99702473099
6	44	9.67704645417
21	23	9.15358003367
10	35	7.07190692544
49	68	8.20299029126
50	74	5.52578293296
13	86	2.70820867169
35	57	4.93131592542
18	35	6.03726382362
75	94	3.81302475549
40	76	2.7788493526
3	64	5.81621623939
4	82	3.38897732616
8	21	9.49990590311
64	82	5.60580506971
65	68	6.43649290216
28	72	6.93019677572
14	15	2.46364030395
39	61	7.87716234221
22	95	2.04574940207
43	70	6.80281548938
44	72	10.4387512602
7	84	6.61476512759
83	95	4.06808337376
46	81	0.594419086976
27	41	5.72339155898
12	97	7.83602032157
68	70	8.02132732583
52	66	4.35967335895
15	52	5.79348795179
19	49	3.09557435954
2	11	4.99261513329
24	36	4.47503659248
5	14	4.94196566749
61	97	6.90748900564
9	75	5.12278136063
10	91	4.62729622339
40	47	5.11660444949
29	46	6.73101071579
29	36	4.01423488086
34	69	0.995195247708
35	81	4.89902006165
0	93	4.88305800273
37	53	5.82626452427
3	56	4.49827582419
29	47	3.80847493832
24	83	2.11904663014
23	37	4.88419955937
6	39	7.94818480643
40	90	1.57938111439
10	42	7.86568531993
29	90	7.80774143845
50	69	1.40992930078
13	79	6.33105654358
52	87	8.78535742685
35	62	4.27745771098
18	26	2.39462208312
74	79	3.90886784458
29	69	2.32306258839
38	89	5.41871963179
3	73	4.91116443003
4	89	6.25125595101
43	46	7.57219080228
8	28	6.57867113069
7	60	7.96605352137
65	93	6.3126843785
28	71	5.20597392898
11	57	2.92285872822
14	22	2.82420295623
1	99	6.2986594265
21	96	5.77536994876
22	86	4.19362944068
79	99	3.41774489694
26	29	5.75717357463
7	77	2.05482770477
46	88	9.09734247575
47	74	3.18603968377
12	24	9.06935723484
68	77	8.7435230165
69	89	6.06966202185
16	91	5.3981341695
15	61	9.38974911124
56	66	8.41718264845
19	54	1.23929334786
24	43	3.37322193103
9	76	3.88624988714
10	66	8.07306397458
47	59	4.91593598277
69	73	3.29861235541
34	92	5.17304618478
35	86	2.3315023496
0	84	3.55523086739
20	31	7.89243022453
3	33	3.7219479702
59	76	7.1481870048
24	90	9.38474615834
23	34	7.77839013867
6	30	4.95697358703
28	47	1.76531347129
32	42	7.97891626025
13	72	10.2020084378
35	39	6.32548228004
18	21	9.08110402618
75	76	3.34372675941
38	80	2.91470048591
3	78	4.79989947465
4	64	3.07691945276
7	53	8.17376020017
65	86	1.51688531625
28	94	3.75212438257
11	62	3.01484318313
25	86	3.63054937986
14	25	7.1028304552
53	66	8.03264319824
39	51	9.43842147085
31	77	8.43875273559
44	62	6.57629501232
7	74	7.20545349946
46	99	5.66040251032
47	83	4.00319878834
12	23	5.7642295213
54	62	8.42603188126
16	82	7.11733605298
15	58	6.95506540859
56	73	3.31209065111
19	63	2.59609360959
2	29	5.48875385533
24	50	3.37242168694
62	99	4.28750727518
10	77	8.47671388231
25	57	9.54347948165
34	87	8.61445354978
35	95	1.5072675882
0	43	0.836548777798
20	38	7.44186227982
3	38	2.79006947788
59	69	2.90201058123
60	77	7.19288104863
23	59	10.041361802
6	17	5.01216551643
82	94	4.9522275538
28	38	7.73857459723
32	33	4.3514271259
13	65	3.73656233453
35	44	3.99972847484
38	75	7.29881590668
39	91	4.15948510027
4	79	4.59909033403
8	10	4.7452191599
7	50	3.69267586957
63	81	10.1854137745
28	85	3.35147592662
11	55	8.53001339482
16	58	3.72990258661
31	54	8.34703848049
53	75	4.59221780742
36	53	4.99557713168
17	79	7.40330243837
39	40	8.23012572997
22	96	1.5919494451
44	53	7.81447846576
7	67	3.47162510662
47	88	3.94754424535
12	14	4.87456690657
69	75	1.23016340555
16	73	3.07245626951
17	93	3.67776644303
56	80	3.58820455823
19	68	5.92768583355
2	20	3.41859312274
41	87	11.5352891595
24	57	8.57837317373
27	63	8.12463655797
52	64	2.39718154686
35	68	2.99755331298
0	34	1.13059105077
56	63	9.16679039451
74	84	1.08643561034
20	45	4.33259996549
3	47	3.23818573741
59	90	9.57051926355
57	67	4.44348228618
23	48	0.248645489215
6	8	5.50444059626
82	89	3.04403643186
45	99	5.62965350617
28	61	4.11045533024
49	96	7.52768166615
32	56	5.68275500688
38	66	7.03690219374
39	80	6.54489032792
4	54	4.41485998225
8	49	2.38895352532
7	43	3.78243197384
63	94	2.59867737332
48	88	7.32518289912
11	44	7.23186307384
16	49	8.17300541079
53	84	1.93853201033
36	60	4.14562714949
9	22	6.41694570376
48	55	8.23244605451
47	97	3.66242016373
51	98	3.75630957374
16	64	3.80623323771
17	86	4.08673097951
56	87	6.52554790193
19	77	2.83723447583
20	69	1.54882597966
41	88	7.37581032809
42	86	5.94900730704
5	98	5.84626856339
53	76	2.235307582
27	29	4.55075601991
67	98	10.2634325166
54	74	6.37669536838
35	77	5.753473613
0	57	5.2591589507
20	52	1.00243003422
3	20	4.65700934111
59	83	2.15567802688
60	67	8.65547791389
23	73	5.33934118456
45	92	8.1727032486
28	52	0.705820884652
32	63	6.54201090207
25	69	4.15681761782
14	67	4.79074543512
74	99	5.07364216193
81	96	1.72064260589
38	69	7.82296053396
39	73	7.36200351603
4	61	6.56515630447
31	92	6.33282406751
8	56	7.41922658335
7	32	3.82126648176
63	71	9.8766150783
48	95	4.59285882319
11	37	5.80763277968
67	86	7.20498180235
16	40	3.91009423965
72	85	6.43355101348
53	93	2.78834547767
36	59	4.72255018713
1	79	3.02142880281
41	48	9.57363445053
17	28	3.96822257758
78	79	7.53805327813
9	31	4.00627147608
12	60	8.70048273761
25	40	10.5537543003
16	71	1.42381083011
15	17	3.41089545004
56	94	8.74784337647
19	82	2.12943528406
20	76	3.29197329986
41	65	3.79195919092
42	81	1.87679045016
31	59	11.382003556
66	75	4.3747384899
13	27	6.34775574532
34	96	6.20109538097
0	48	6.65316483842
92	97	8.68960749507
37	72	1.6495971126
20	51	3.62317741527
3	29	7.03647786481
60	90	6.09191879521
23	70	3.02131415066
8	80	4.11720775058
45	85	7.00958234472
28	51	3.6687770013
27	75	3.62726853358
