6.908709052238999959e+01
6.716418216067398816e+01
6.423788260897001123e+01
6.201245132149700368e+01
6.195963679893002052e+01
5.426948350152601108e+01
5.426948350152601108e+01
5.426948350152601108e+01
5.426948350152601108e+01
5.426948350152601108e+01
5.426948350152601108e+01
5.426948350152601108e+01
5.426948350152601108e+01
5.214207312191900456e+01
5.158382025746100652e+01
5.158382025746100652e+01
5.158382025746100652e+01
4.900006439119100321e+01
4.900006439119100321e+01
4.900006439119100321e+01
4.900006439119100321e+01
4.696089281088999456e+01
4.560328903386800192e+01
4.560328903386800192e+01
4.560328903386800192e+01
4.473145849515799455e+01
4.473145849515799455e+01
4.473145849515799455e+01
4.257499127731799859e+01
4.257499127731799859e+01
4.197472317463800806e+01
3.927282403373800435e+01
3.927282403373800435e+01
3.927282403373800435e+01
3.927282403373800435e+01
3.927282403373800435e+01
3.927282403373800435e+01
3.927282403373800435e+01
3.927282403373800435e+01
3.927282403373800435e+01
3.927282403373800435e+01
3.927282403373800435e+01
3.796163220909800629e+01
3.796163220909800629e+01
3.796163220909800629e+01
3.796163220909800629e+01
3.593878409311800937e+01
3.593878409311800937e+01
3.593878409311800937e+01
3.552565593609800487e+01
3.552565593609800487e+01
3.552565593609800487e+01
3.425718362363799940e+01
3.425718362363799940e+01
3.406959754516000061e+01
3.397977914413799283e+01
3.397977914413799283e+01
3.397977914413799283e+01
3.397977914413799283e+01
3.397977914413799283e+01
3.397977914413799283e+01
3.397977914413799283e+01
3.287116820699799291e+01
3.206942762474999142e+01
3.200307963805999378e+01
3.200307963805999378e+01
3.200307963805999378e+01
3.200307963805999378e+01
3.200307963805999378e+01
3.200307963805999378e+01
3.200307963805999378e+01
3.200307963805999378e+01
3.200307963805999378e+01
3.200307963805999378e+01
3.200307963805999378e+01
3.200307963805999378e+01
3.200307963805999378e+01
3.200307963805999378e+01
3.200307963805999378e+01
3.200307963805999378e+01
3.200307963805999378e+01
3.200307963805999378e+01
3.200307963805999378e+01
3.200307963805999378e+01
3.200307963805999378e+01
3.200307963805999378e+01
3.200307963805999378e+01
3.200307963805999378e+01
3.200307963805999378e+01
3.200307963805999378e+01
3.200307963805999378e+01
3.200307963805999378e+01
3.200307963805999378e+01
3.200307963805999378e+01
3.200307963805999378e+01
3.200307963805999378e+01
3.200307963805999378e+01
3.200307963805999378e+01
3.200307963805999378e+01
3.200307963805999378e+01
3.200307963805999378e+01
3.200307963805999378e+01
3.200307963805999378e+01
3.200307963805999378e+01
3.200307963805999378e+01
3.200307963805999378e+01
3.200307963805999378e+01
3.200307963805999378e+01
3.200307963805999378e+01
3.200307963805999378e+01
3.200307963805999378e+01
3.200307963805999378e+01
3.200307963805999378e+01
3.200307963805999378e+01
3.200307963805999378e+01
3.200307963805999378e+01
3.200307963805999378e+01
3.200307963805999378e+01
3.200307963805999378e+01
3.200307963805999378e+01
3.200307963805999378e+01
3.200307963805999378e+01
3.200307963805999378e+01
3.200307963805999378e+01
3.200307963805999378e+01
3.200307963805999378e+01
3.200307963805999378e+01
3.200307963805999378e+01
3.200307963805999378e+01
3.200307963805999378e+01
3.200307963805999378e+01
3.200307963805999378e+01
3.200307963805999378e+01
3.200307963805999378e+01
3.200307963805999378e+01
3.200307963805999378e+01
3.200307963805999378e+01
3.200307963805999378e+01
3.200307963805999378e+01
3.200307963805999378e+01
3.200307963805999378e+01
3.200307963805999378e+01
3.200307963805999378e+01
3.200307963805999378e+01
3.200307963805999378e+01
3.200307963805999378e+01
3.200307963805999378e+01
3.200307963805999378e+01
3.200307963805999378e+01
3.200307963805999378e+01
3.200307963805999378e+01
3.200307963805999378e+01
3.200307963805999378e+01
3.200307963805999378e+01
3.200307963805999378e+01
3.200307963805999378e+01
3.200307963805999378e+01
3.200307963805999378e+01
3.200307963805999378e+01
3.200307963805999378e+01
3.200307963805999378e+01
3.200307963805999378e+01
3.200307963805999378e+01
3.200307963805999378e+01
3.200307963805999378e+01
3.200307963805999378e+01
3.200307963805999378e+01
3.200307963805999378e+01
3.200307963805999378e+01
3.200307963805999378e+01
3.200307963805999378e+01
3.200307963805999378e+01
3.200307963805999378e+01
3.200307963805999378e+01
3.200307963805999378e+01
3.200307963805999378e+01
3.200307963805999378e+01
3.200307963805999378e+01
3.200307963805999378e+01
3.200307963805999378e+01
3.200307963805999378e+01
3.200307963805999378e+01
3.200307963805999378e+01
3.200307963805999378e+01
3.200307963805999378e+01
3.200307963805999378e+01
3.200307963805999378e+01
3.200307963805999378e+01
3.200307963805999378e+01
3.200307963805999378e+01
3.200307963805999378e+01
3.200307963805999378e+01
3.200307963805999378e+01
3.200307963805999378e+01
3.200307963805999378e+01
3.200307963805999378e+01
3.200307963805999378e+01
3.200307963805999378e+01
3.200307963805999378e+01
3.200307963805999378e+01
3.200307963805999378e+01
3.200307963805999378e+01
3.200307963805999378e+01
3.200307963805999378e+01
3.200307963805999378e+01
3.200307963805999378e+01
3.200307963805999378e+01
3.200307963805999378e+01
3.200307963805999378e+01
3.200307963805999378e+01
3.200307963805999378e+01
3.200307963805999378e+01
3.200307963805999378e+01
3.200307963805999378e+01
3.200307963805999378e+01
3.200307963805999378e+01
3.200307963805999378e+01
3.200307963805999378e+01
3.200307963805999378e+01
3.200307963805999378e+01
3.200307963805999378e+01
3.200307963805999378e+01
3.200307963805999378e+01
3.200307963805999378e+01
3.200307963805999378e+01
3.200307963805999378e+01
3.200307963805999378e+01
3.200307963805999378e+01
3.200307963805999378e+01
3.200307963805999378e+01
3.200307963805999378e+01
3.200307963805999378e+01
3.200307963805999378e+01
3.200307963805999378e+01
3.200307963805999378e+01
3.200307963805999378e+01
3.200307963805999378e+01
3.200307963805999378e+01
3.200307963805999378e+01
3.200307963805999378e+01
3.200307963805999378e+01
3.200307963805999378e+01
3.200307963805999378e+01
3.200307963805999378e+01
3.200307963805999378e+01
3.200307963805999378e+01
3.200307963805999378e+01
3.200307963805999378e+01
3.200307963805999378e+01
3.200307963805999378e+01
3.200307963805999378e+01
3.200307963805999378e+01
3.200307963805999378e+01
3.200307963805999378e+01
3.200307963805999378e+01
3.200307963805999378e+01
3.200307963805999378e+01
3.200307963805999378e+01
3.200307963805999378e+01
3.200307963805999378e+01
3.200307963805999378e+01
3.200307963805999378e+01
3.200307963805999378e+01
3.200307963805999378e+01
3.200307963805999378e+01
3.200307963805999378e+01
3.200307963805999378e+01
3.200307963805999378e+01
3.200307963805999378e+01
3.200307963805999378e+01
3.200307963805999378e+01
3.200307963805999378e+01
3.200307963805999378e+01
3.200307963805999378e+01
3.200307963805999378e+01
3.200307963805999378e+01
3.200307963805999378e+01
3.200307963805999378e+01
3.200307963805999378e+01
3.200307963805999378e+01
3.200307963805999378e+01
3.200307963805999378e+01
3.200307963805999378e+01
3.200307963805999378e+01
3.200307963805999378e+01
3.200307963805999378e+01
3.200307963805999378e+01
3.200307963805999378e+01
3.200307963805999378e+01
3.200307963805999378e+01
3.200307963805999378e+01
3.200307963805999378e+01
3.200307963805999378e+01
3.200307963805999378e+01
3.200307963805999378e+01
3.200307963805999378e+01
3.200307963805999378e+01
3.200307963805999378e+01
3.200307963805999378e+01
3.200307963805999378e+01
3.200307963805999378e+01
3.200307963805999378e+01
3.200307963805999378e+01
3.200307963805999378e+01
3.200307963805999378e+01
3.200307963805999378e+01
3.200307963805999378e+01
3.200307963805999378e+01
3.200307963805999378e+01
3.200307963805999378e+01
3.200307963805999378e+01
3.200307963805999378e+01
3.200307963805999378e+01
3.200307963805999378e+01
3.200307963805999378e+01
3.200307963805999378e+01
3.200307963805999378e+01
3.200307963805999378e+01
3.200307963805999378e+01
3.200307963805999378e+01
3.200307963805999378e+01
3.200307963805999378e+01
3.200307963805999378e+01
3.200307963805999378e+01
3.200307963805999378e+01
3.200307963805999378e+01
3.200307963805999378e+01
3.200307963805999378e+01
3.200307963805999378e+01
3.200307963805999378e+01
3.200307963805999378e+01
3.200307963805999378e+01
3.200307963805999378e+01
3.200307963805999378e+01
3.200307963805999378e+01
3.200307963805999378e+01
3.200307963805999378e+01
3.200307963805999378e+01
3.200307963805999378e+01
3.200307963805999378e+01
3.200307963805999378e+01
3.200307963805999378e+01
3.200307963805999378e+01
3.200307963805999378e+01
3.200307963805999378e+01
3.200307963805999378e+01
3.200307963805999378e+01
3.200307963805999378e+01
3.200307963805999378e+01
3.200307963805999378e+01
3.200307963805999378e+01
3.200307963805999378e+01
3.200307963805999378e+01
3.200307963805999378e+01
3.200307963805999378e+01
3.200307963805999378e+01
3.200307963805999378e+01
3.200307963805999378e+01
3.200307963805999378e+01
3.200307963805999378e+01
3.200307963805999378e+01
3.200307963805999378e+01
3.200307963805999378e+01
3.200307963805999378e+01
3.200307963805999378e+01
3.200307963805999378e+01
3.200307963805999378e+01
3.200307963805999378e+01
3.200307963805999378e+01
3.200307963805999378e+01
3.200307963805999378e+01
3.200307963805999378e+01
3.200307963805999378e+01
3.200307963805999378e+01
3.200307963805999378e+01
3.200307963805999378e+01
3.200307963805999378e+01
3.200307963805999378e+01
3.200307963805999378e+01
3.200307963805999378e+01
3.200307963805999378e+01
3.200307963805999378e+01
3.200307963805999378e+01
3.200307963805999378e+01
3.200307963805999378e+01
3.200307963805999378e+01
3.200307963805999378e+01
3.200307963805999378e+01
3.200307963805999378e+01
3.200307963805999378e+01
3.200307963805999378e+01
3.200307963805999378e+01
3.200307963805999378e+01
3.200307963805999378e+01
3.200307963805999378e+01
3.200307963805999378e+01
3.200307963805999378e+01
3.200307963805999378e+01
3.200307963805999378e+01
3.200307963805999378e+01
3.200307963805999378e+01
3.200307963805999378e+01
3.200307963805999378e+01
3.200307963805999378e+01
3.200307963805999378e+01
3.200307963805999378e+01
3.200307963805999378e+01
3.200307963805999378e+01
3.200307963805999378e+01
3.200307963805999378e+01
3.200307963805999378e+01
3.200307963805999378e+01
3.200307963805999378e+01
3.200307963805999378e+01
3.200307963805999378e+01
3.200307963805999378e+01
3.200307963805999378e+01
3.200307963805999378e+01
3.200307963805999378e+01
3.200307963805999378e+01
3.200307963805999378e+01
3.200307963805999378e+01
3.200307963805999378e+01
3.200307963805999378e+01
3.200307963805999378e+01
3.200307963805999378e+01
3.200307963805999378e+01
3.200307963805999378e+01
3.200307963805999378e+01
3.200307963805999378e+01
3.200307963805999378e+01
3.200307963805999378e+01
3.200307963805999378e+01
3.200307963805999378e+01
3.200307963805999378e+01
3.200307963805999378e+01
3.200307963805999378e+01
3.200307963805999378e+01
3.200307963805999378e+01
3.200307963805999378e+01
3.200307963805999378e+01
3.200307963805999378e+01
3.200307963805999378e+01
3.200307963805999378e+01
3.200307963805999378e+01
3.200307963805999378e+01
3.200307963805999378e+01
3.200307963805999378e+01
3.200307963805999378e+01
3.200307963805999378e+01
3.200307963805999378e+01
3.200307963805999378e+01
3.200307963805999378e+01
3.200307963805999378e+01
3.200307963805999378e+01
3.200307963805999378e+01
3.200307963805999378e+01
3.200307963805999378e+01
3.200307963805999378e+01
3.200307963805999378e+01
3.200307963805999378e+01
3.200307963805999378e+01
3.200307963805999378e+01
3.200307963805999378e+01
3.200307963805999378e+01
3.200307963805999378e+01
3.200307963805999378e+01
3.200307963805999378e+01
3.200307963805999378e+01
3.200307963805999378e+01
3.200307963805999378e+01
3.200307963805999378e+01
3.200307963805999378e+01
3.200307963805999378e+01
3.200307963805999378e+01
3.200307963805999378e+01
3.200307963805999378e+01
3.200307963805999378e+01
3.200307963805999378e+01
3.200307963805999378e+01
3.200307963805999378e+01
3.200307963805999378e+01
3.200307963805999378e+01
3.200307963805999378e+01
3.200307963805999378e+01
3.200307963805999378e+01
3.200307963805999378e+01
3.200307963805999378e+01
3.200307963805999378e+01
3.200307963805999378e+01
3.200307963805999378e+01
3.200307963805999378e+01
3.200307963805999378e+01
3.200307963805999378e+01
3.200307963805999378e+01
3.200307963805999378e+01
3.200307963805999378e+01
3.200307963805999378e+01
3.200307963805999378e+01
3.200307963805999378e+01
3.200307963805999378e+01
3.200307963805999378e+01
3.200307963805999378e+01
3.200307963805999378e+01
3.200307963805999378e+01
3.200307963805999378e+01
3.200307963805999378e+01
3.200307963805999378e+01
3.200307963805999378e+01
3.200307963805999378e+01
3.200307963805999378e+01
3.200307963805999378e+01
3.200307963805999378e+01
3.200307963805999378e+01
3.200307963805999378e+01
3.200307963805999378e+01
3.200307963805999378e+01
3.200307963805999378e+01
3.200307963805999378e+01
3.200307963805999378e+01
3.200307963805999378e+01
3.200307963805999378e+01
3.200307963805999378e+01
3.200307963805999378e+01
3.200307963805999378e+01
3.200307963805999378e+01
3.200307963805999378e+01
3.200307963805999378e+01
3.200307963805999378e+01
3.200307963805999378e+01
3.200307963805999378e+01
3.200307963805999378e+01
3.200307963805999378e+01
3.200307963805999378e+01
3.200307963805999378e+01
3.200307963805999378e+01
3.200307963805999378e+01
3.200307963805999378e+01
3.200307963805999378e+01
3.200307963805999378e+01
3.200307963805999378e+01
3.200307963805999378e+01
3.200307963805999378e+01
3.200307963805999378e+01
3.200307963805999378e+01
3.200307963805999378e+01
3.200307963805999378e+01
3.200307963805999378e+01
3.200307963805999378e+01
3.200307963805999378e+01
3.200307963805999378e+01
3.200307963805999378e+01
3.200307963805999378e+01
3.200307963805999378e+01
3.200307963805999378e+01
3.200307963805999378e+01
3.200307963805999378e+01
3.200307963805999378e+01
3.200307963805999378e+01
3.200307963805999378e+01
3.200307963805999378e+01
3.200307963805999378e+01
3.200307963805999378e+01
3.200307963805999378e+01
3.200307963805999378e+01
3.200307963805999378e+01
3.200307963805999378e+01
3.200307963805999378e+01
3.200307963805999378e+01
3.200307963805999378e+01
3.200307963805999378e+01
3.200307963805999378e+01
3.200307963805999378e+01
3.200307963805999378e+01
3.200307963805999378e+01
3.200307963805999378e+01
3.200307963805999378e+01
3.200307963805999378e+01
3.200307963805999378e+01
3.200307963805999378e+01
3.200307963805999378e+01
3.200307963805999378e+01
3.200307963805999378e+01
3.200307963805999378e+01
3.200307963805999378e+01
3.200307963805999378e+01
3.200307963805999378e+01
3.200307963805999378e+01
3.200307963805999378e+01
3.200307963805999378e+01
3.200307963805999378e+01
3.200307963805999378e+01
3.200307963805999378e+01
3.200307963805999378e+01
3.200307963805999378e+01
3.200307963805999378e+01
3.200307963805999378e+01
3.200307963805999378e+01
3.200307963805999378e+01
3.200307963805999378e+01
3.200307963805999378e+01
3.200307963805999378e+01
3.200307963805999378e+01
3.200307963805999378e+01
3.200307963805999378e+01
3.200307963805999378e+01
3.200307963805999378e+01
3.200307963805999378e+01
3.200307963805999378e+01
3.200307963805999378e+01
3.200307963805999378e+01
3.200307963805999378e+01
3.200307963805999378e+01
3.200307963805999378e+01
3.200307963805999378e+01
3.200307963805999378e+01
3.200307963805999378e+01
3.200307963805999378e+01
3.200307963805999378e+01
3.200307963805999378e+01
3.200307963805999378e+01
3.200307963805999378e+01
3.200307963805999378e+01
3.200307963805999378e+01
3.200307963805999378e+01
3.200307963805999378e+01
3.200307963805999378e+01
3.200307963805999378e+01
3.200307963805999378e+01
3.200307963805999378e+01
3.200307963805999378e+01
3.200307963805999378e+01
3.200307963805999378e+01
3.200307963805999378e+01
3.200307963805999378e+01
3.200307963805999378e+01
3.200307963805999378e+01
3.200307963805999378e+01
3.200307963805999378e+01
3.200307963805999378e+01
3.200307963805999378e+01
3.200307963805999378e+01
3.200307963805999378e+01
3.200307963805999378e+01
3.200307963805999378e+01
3.200307963805999378e+01
3.200307963805999378e+01
3.200307963805999378e+01
3.200307963805999378e+01
3.200307963805999378e+01
3.200307963805999378e+01
3.200307963805999378e+01
3.200307963805999378e+01
3.200307963805999378e+01
3.200307963805999378e+01
3.200307963805999378e+01
3.200307963805999378e+01
3.200307963805999378e+01
3.200307963805999378e+01
3.200307963805999378e+01
3.200307963805999378e+01
3.200307963805999378e+01
3.200307963805999378e+01
3.200307963805999378e+01
3.200307963805999378e+01
3.200307963805999378e+01
3.200307963805999378e+01
3.200307963805999378e+01
3.200307963805999378e+01
3.200307963805999378e+01
3.200307963805999378e+01
3.200307963805999378e+01
3.200307963805999378e+01
3.200307963805999378e+01
3.200307963805999378e+01
3.200307963805999378e+01
3.200307963805999378e+01
3.200307963805999378e+01
3.200307963805999378e+01
3.200307963805999378e+01
3.200307963805999378e+01
3.200307963805999378e+01
3.200307963805999378e+01
3.200307963805999378e+01
3.200307963805999378e+01
3.200307963805999378e+01
3.200307963805999378e+01
3.200307963805999378e+01
3.200307963805999378e+01
3.200307963805999378e+01
3.200307963805999378e+01
3.200307963805999378e+01
3.200307963805999378e+01
3.200307963805999378e+01
3.200307963805999378e+01
3.200307963805999378e+01
3.200307963805999378e+01
3.200307963805999378e+01
3.200307963805999378e+01
3.200307963805999378e+01
3.200307963805999378e+01
3.200307963805999378e+01
3.200307963805999378e+01
3.200307963805999378e+01
3.200307963805999378e+01
3.200307963805999378e+01
3.200307963805999378e+01
3.200307963805999378e+01
3.200307963805999378e+01
3.200307963805999378e+01
3.200307963805999378e+01
3.200307963805999378e+01
3.200307963805999378e+01
3.200307963805999378e+01
3.200307963805999378e+01
3.200307963805999378e+01
3.200307963805999378e+01
3.200307963805999378e+01
3.200307963805999378e+01
3.200307963805999378e+01
3.200307963805999378e+01
3.200307963805999378e+01
3.200307963805999378e+01
3.200307963805999378e+01
3.200307963805999378e+01
3.200307963805999378e+01
3.200307963805999378e+01
3.200307963805999378e+01
3.200307963805999378e+01
3.200307963805999378e+01
3.200307963805999378e+01
3.200307963805999378e+01
3.200307963805999378e+01
3.200307963805999378e+01
3.200307963805999378e+01
3.200307963805999378e+01
3.200307963805999378e+01
3.200307963805999378e+01
3.200307963805999378e+01
3.200307963805999378e+01
3.200307963805999378e+01
3.200307963805999378e+01
3.200307963805999378e+01
3.200307963805999378e+01
3.200307963805999378e+01
3.200307963805999378e+01
3.200307963805999378e+01
3.200307963805999378e+01
3.200307963805999378e+01
3.200307963805999378e+01
3.200307963805999378e+01
3.200307963805999378e+01
3.200307963805999378e+01
3.200307963805999378e+01
3.200307963805999378e+01
3.200307963805999378e+01
3.200307963805999378e+01
3.200307963805999378e+01
3.200307963805999378e+01
3.200307963805999378e+01
3.200307963805999378e+01
3.200307963805999378e+01
3.200307963805999378e+01
3.200307963805999378e+01
3.200307963805999378e+01
3.200307963805999378e+01
3.200307963805999378e+01
3.200307963805999378e+01
3.200307963805999378e+01
3.200307963805999378e+01
3.200307963805999378e+01
3.200307963805999378e+01
3.200307963805999378e+01
3.200307963805999378e+01
3.200307963805999378e+01
3.200307963805999378e+01
3.200307963805999378e+01
3.200307963805999378e+01
3.200307963805999378e+01
3.200307963805999378e+01
3.200307963805999378e+01
3.200307963805999378e+01
3.200307963805999378e+01
3.200307963805999378e+01
3.200307963805999378e+01
3.200307963805999378e+01
3.200307963805999378e+01
3.200307963805999378e+01
3.200307963805999378e+01
3.200307963805999378e+01
3.200307963805999378e+01
3.200307963805999378e+01
3.200307963805999378e+01
3.200307963805999378e+01
3.200307963805999378e+01
3.200307963805999378e+01
3.200307963805999378e+01
3.200307963805999378e+01
3.200307963805999378e+01
3.200307963805999378e+01
3.200307963805999378e+01
3.200307963805999378e+01
3.200307963805999378e+01
3.200307963805999378e+01
3.200307963805999378e+01
3.200307963805999378e+01
3.200307963805999378e+01
3.200307963805999378e+01
3.200307963805999378e+01
3.200307963805999378e+01
3.200307963805999378e+01
3.200307963805999378e+01
3.200307963805999378e+01
3.200307963805999378e+01
3.200307963805999378e+01
3.200307963805999378e+01
3.200307963805999378e+01
3.200307963805999378e+01
3.200307963805999378e+01
3.200307963805999378e+01
3.200307963805999378e+01
3.200307963805999378e+01
3.200307963805999378e+01
3.200307963805999378e+01
3.200307963805999378e+01
3.200307963805999378e+01
3.200307963805999378e+01
3.200307963805999378e+01
3.200307963805999378e+01
3.200307963805999378e+01
3.200307963805999378e+01
3.200307963805999378e+01
3.200307963805999378e+01
3.200307963805999378e+01
3.200307963805999378e+01
3.200307963805999378e+01
3.200307963805999378e+01
3.200307963805999378e+01
3.200307963805999378e+01
3.200307963805999378e+01
3.200307963805999378e+01
3.200307963805999378e+01
3.200307963805999378e+01
3.200307963805999378e+01
3.200307963805999378e+01
3.200307963805999378e+01
3.200307963805999378e+01
3.200307963805999378e+01
3.200307963805999378e+01
3.200307963805999378e+01
3.200307963805999378e+01
3.200307963805999378e+01
3.200307963805999378e+01
3.200307963805999378e+01
3.200307963805999378e+01
3.200307963805999378e+01
3.200307963805999378e+01
3.200307963805999378e+01
3.200307963805999378e+01
3.200307963805999378e+01
3.200307963805999378e+01
3.200307963805999378e+01
3.200307963805999378e+01
3.200307963805999378e+01
3.200307963805999378e+01
3.200307963805999378e+01
3.200307963805999378e+01
3.200307963805999378e+01
3.200307963805999378e+01
3.200307963805999378e+01
3.200307963805999378e+01
3.200307963805999378e+01
3.200307963805999378e+01
3.200307963805999378e+01
3.200307963805999378e+01
3.200307963805999378e+01
3.200307963805999378e+01
3.200307963805999378e+01
3.200307963805999378e+01
3.200307963805999378e+01
3.200307963805999378e+01
3.200307963805999378e+01
3.200307963805999378e+01
3.200307963805999378e+01
3.200307963805999378e+01
3.200307963805999378e+01
3.200307963805999378e+01
3.200307963805999378e+01
3.200307963805999378e+01
3.200307963805999378e+01
3.200307963805999378e+01
3.200307963805999378e+01
3.200307963805999378e+01
3.200307963805999378e+01
3.200307963805999378e+01
3.200307963805999378e+01
3.200307963805999378e+01
3.200307963805999378e+01
3.200307963805999378e+01
3.200307963805999378e+01
3.200307963805999378e+01
3.200307963805999378e+01
3.200307963805999378e+01
3.200307963805999378e+01
3.200307963805999378e+01
3.200307963805999378e+01
3.200307963805999378e+01
3.200307963805999378e+01
3.200307963805999378e+01
3.200307963805999378e+01
3.200307963805999378e+01
3.200307963805999378e+01
3.200307963805999378e+01
3.200307963805999378e+01
3.200307963805999378e+01
3.200307963805999378e+01
3.200307963805999378e+01
3.200307963805999378e+01
3.200307963805999378e+01
3.200307963805999378e+01
3.200307963805999378e+01
3.200307963805999378e+01
3.200307963805999378e+01
3.200307963805999378e+01
3.200307963805999378e+01
3.200307963805999378e+01
3.200307963805999378e+01
3.200307963805999378e+01
3.200307963805999378e+01
3.200307963805999378e+01
3.200307963805999378e+01
3.200307963805999378e+01
3.200307963805999378e+01
3.200307963805999378e+01
3.200307963805999378e+01
3.200307963805999378e+01
3.200307963805999378e+01
3.200307963805999378e+01
3.200307963805999378e+01
3.200307963805999378e+01
3.200307963805999378e+01
3.200307963805999378e+01
3.200307963805999378e+01
3.200307963805999378e+01
3.200307963805999378e+01
3.200307963805999378e+01
3.200307963805999378e+01
3.200307963805999378e+01
3.200307963805999378e+01
3.200307963805999378e+01
3.200307963805999378e+01
3.200307963805999378e+01
3.200307963805999378e+01
3.200307963805999378e+01
3.200307963805999378e+01
3.200307963805999378e+01
3.200307963805999378e+01
3.200307963805999378e+01
3.200307963805999378e+01
3.200307963805999378e+01
3.200307963805999378e+01
3.200307963805999378e+01
3.200307963805999378e+01
3.200307963805999378e+01
3.200307963805999378e+01
3.200307963805999378e+01
3.200307963805999378e+01
3.200307963805999378e+01
3.200307963805999378e+01
3.200307963805999378e+01
3.200307963805999378e+01
3.200307963805999378e+01
3.200307963805999378e+01
3.200307963805999378e+01
3.200307963805999378e+01
3.200307963805999378e+01
3.200307963805999378e+01
3.200307963805999378e+01
3.200307963805999378e+01
3.200307963805999378e+01
3.200307963805999378e+01
3.200307963805999378e+01
3.200307963805999378e+01
3.200307963805999378e+01
3.200307963805999378e+01
3.200307963805999378e+01
3.200307963805999378e+01
3.200307963805999378e+01
3.200307963805999378e+01
3.200307963805999378e+01
3.200307963805999378e+01
3.200307963805999378e+01
3.200307963805999378e+01
3.200307963805999378e+01
3.200307963805999378e+01
3.200307963805999378e+01
3.200307963805999378e+01
3.200307963805999378e+01
3.200307963805999378e+01
3.200307963805999378e+01
